0 166
0 279
0 352
0 775
0 804
0 903
0 909
0 938
0 955
0 988
0 997
1 458
1 600
1 907
1 967
2 550
3 67
3 532
3 584
3 723
4 872
5 991
6 366
6 449
6 684
6 833
6 873
7 478
8 283
8 389
8 506
8 545
8 642
8 647
8 705
8 728
8 738
8 786
8 879
8 937
8 980
9 113
9 213
9 773
10 437
11 231
11 444
11 456
11 496
11 554
11 584
11 633
11 679
11 740
11 769
11 804
11 813
11 835
11 839
11 864
11 881
11 899
11 917
11 934
11 962
12 306
12 550
12 695
12 759
12 784
12 894
12 937
12 958
12 975
13 785
13 832
14 518
14 600
14 776
14 821
14 858
14 865
14 921
15 221
15 657
15 945
16 370
16 478
16 518
16 872
16 997
17 174
17 208
17 234
17 352
17 455
17 473
17 530
17 681
17 776
17 911
17 919
17 937
17 989
18 755
18 939
19 602
19 669
19 755
19 826
19 851
19 922
19 957
20 198
20 334
20 404
20 492
20 502
20 672
20 757
20 782
20 825
20 925
20 986
21 88
21 532
21 709
22 65
22 433
22 570
22 572
22 635
22 796
22 804
24 212
24 334
24 338
24 410
24 424
24 478
24 518
24 573
24 607
24 640
24 669
24 701
24 729
24 744
24 792
24 855
24 890
24 986
24 992
26 116
26 223
26 390
26 464
26 527
26 602
26 670
26 817
26 837
26 907
29 213
29 351
29 359
29 684
29 700
29 854
29 884
29 907
30 208
30 794
31 171
31 227
31 877
32 67
32 146
32 256
32 410
32 455
32 487
32 652
32 681
32 738
32 748
32 840
32 879
32 951
32 996
34 663
34 773
35 437
35 644
35 681
35 996
36 270
36 589
36 635
36 703
36 830
36 925
37 366
37 384
37 486
37 520
37 658
37 867
37 926
38 458
46 486
46 657
46 694
46 755
46 783
46 821
46 955
46 985
48 88
48 118
48 227
48 351
48 420
48 778
48 816
48 872
48 945
49 518
50 56
50 67
50 208
50 981
51 306
51 445
51 592
51 830
54 67
54 370
54 600
54 717
54 859
54 875
54 989
57 723
57 872
61 208
61 708
61 879
61 936
62 590
72 30
72 73
72 325
72 379
72 547
72 600
72 659
72 841
72 877
72 979
73 490
73 894
74 162
74 397
74 510
74 552
74 610
74 723
74 769
74 926
76 437
76 590
76 605
76 624
76 804
76 896
76 995
78 56
86 23
86 34
86 37
86 102
86 162
86 221
86 314
86 450
86 535
86 729
86 796
87 889
87 988
91 296
91 447
91 725
91 989
93 98
93 102
93 245
93 479
93 501
93 742
93 922
95 137
95 163
95 445
95 632
95 871
96 55
96 117
96 370
96 879
99 458
99 698
99 800
99 882
103 778
104 325
104 352
104 525
104 623
104 637
104 657
104 780
107 149
107 578
107 743
107 804
107 808
107 817
107 967
109 56
109 269
109 307
109 336
109 366
109 423
109 559
109 630
109 686
109 743
109 782
109 845
109 878
109 944
112 65
112 137
112 151
112 322
112 389
112 498
112 644
112 684
113 590
122 334
122 658
122 799
122 914
122 957
125 382
125 444
125 633
125 669
127 55
127 66
127 76
127 82
127 155
127 187
127 206
127 244
127 301
127 375
127 387
127 423
127 519
127 544
127 662
127 781
127 843
130 531
130 772
132 592
132 678
138 94
138 557
138 593
138 613
138 796
147 137
147 316
147 469
147 562
147 797
147 897
148 110
148 312
148 690
148 832
159 149
159 212
163 723
165 81
165 82
165 410
165 468
165 768
165 854
165 948
168 144
168 253
168 367
168 699
168 826
168 960
174 947
183 106
183 137
184 591
184 780
184 947
191 212
191 308
191 794
191 877
192 23
192 51
192 92
192 168
192 262
192 292
192 508
192 631
192 646
192 757
192 953
195 161
195 210
195 475
195 631
195 727
195 819
210 379
218 110
218 283
220 56
220 293
220 552
220 596
220 609
220 664
220 852
220 968
220 994
229 28
229 35
229 55
229 130
229 188
229 647
229 996
232 204
232 293
232 326
232 543
232 560
232 759
232 767
232 905
233 209
233 231
233 306
233 764
233 826
258 161
258 237
258 481
258 570
258 978
259 5
259 100
259 115
259 155
259 226
259 286
259 614
259 669
259 781
259 898
265 56
268 522
268 784
268 872
271 15
271 45
271 117
271 218
271 251
271 266
271 358
271 912
285 394
285 440
285 643
285 668
285 759
285 993
302 163
302 256
302 405
302 450
302 577
302 788
303 134
303 598
303 684
303 832
311 260
311 334
311 353
311 454
311 825
311 935
313 263
313 305
313 598
315 973
319 183
319 188
319 286
319 352
319 415
319 526
319 616
319 640
319 786
319 903
321 13
321 49
321 312
321 478
321 516
321 968
325 545
328 77
328 191
328 553
328 579
328 710
328 968
334 110
335 584
335 895
338 337
347 78
347 666
347 811
352 56
352 884
359 65
359 110
377 49
377 91
377 206
377 302
377 346
377 566
377 639
377 844
382 312
382 402
396 42
396 51
396 55
396 577
396 723
407 328
407 433
407 440
407 517
407 875
407 978
426 1
426 184
426 202
426 489
426 821
432 125
432 524
432 666
432 755
432 816
432 952
449 600
473 947
485 0
485 17
485 26
485 261
485 408
485 709
491 49
491 164
491 614
497 167
497 413
497 462
497 915
503 57
503 377
503 391
508 32
508 310
508 356
508 415
508 512
508 600
541 201
541 358
541 556
541 682
541 880
542 88
556 267
556 300
556 719
564 328
564 464
564 477
564 478
564 613
564 762
564 956
606 28
606 106
606 237
606 463
609 1
609 3
609 22
609 76
609 184
609 203
609 767
613 28
616 10
616 42
616 49
616 390
616 503
616 638
616 901
620 112
620 244
620 351
620 797
620 931
625 208
625 290
627 75
627 137
627 189
627 240
627 705
630 567
630 901
630 968
631 155
631 542
646 182
646 765
646 990
650 0
650 38
650 39
650 41
650 76
650 169
650 493
650 689
675 174
675 277
675 392
675 419
698 102
698 216
703 4
703 91
703 502
703 661
703 818
709 65
721 27
721 823
721 904
726 164
726 290
726 435
726 635
726 658
726 860
726 972
733 52
733 62
733 95
733 104
733 247
733 335
733 454
734 105
734 217
734 372
734 489
734 523
734 877
750 306
750 489
750 628
750 951
750 996
759 0
759 57
759 110
759 166
759 727
759 981
789 16
789 177
789 241
789 407
789 707
804 155
826 80
826 203
826 913
839 66
839 254
839 526
839 814
839 977
862 67
862 79
862 894
864 0
864 131
864 212
864 312
864 815
864 947
868 48
868 137
868 481
868 865
873 0
873 13
873 258
873 542
874 200
874 563
874 584
874 620
874 864
899 0
899 10
899 16
899 31
899 65
899 243
899 270
899 689
908 80
908 83
909 106
909 402
909 663
922 38
922 42
922 94
938 787
945 13
945 208
945 270
945 344
955 196
955 309
955 406
955 505
977 382
988 325
992 0
992 163
992 294
992 348
992 472
997 542
33 110
33 540
33 637
33 656
33 725
33 822
33 979
40 794
40 821
40 860
40 975
43 27
43 306
43 548
43 615
43 632
43 715
43 789
43 864
43 949
59 355
59 531
59 630
63 163
63 202
63 241
63 387
63 487
63 522
63 796
63 903
63 954
66 88
66 144
66 166
66 212
66 312
66 338
66 749
75 785
75 825
75 854
79 550
79 644
79 884
81 308
81 410
81 445
81 658
82 279
83 956
105 67
105 110
105 589
110 550
115 205
115 257
115 322
115 356
115 406
115 420
115 446
115 493
115 599
115 774
115 875
115 894
121 110
121 161
121 214
121 405
121 456
121 531
121 679
121 978
128 30
128 143
128 180
128 394
128 445
128 547
128 584
128 897
131 308
131 344
131 677
131 778
152 139
152 265
152 329
152 393
152 490
152 577
152 777
152 926
157 121
157 178
157 358
157 436
157 771
157 844
158 103
158 110
158 269
158 292
158 330
158 387
158 457
158 838
158 936
162 67
164 196
175 62
175 143
175 318
175 472
175 636
175 957
178 110
178 385
178 401
178 604
178 993
182 78
182 612
182 730
197 532
197 666
197 825
203 218
203 396
203 548
203 585
203 633
203 942
206 12
206 23
206 24
206 68
206 69
206 81
206 175
206 348
206 402
206 709
206 889
206 927
217 51
217 191
217 303
217 324
217 513
217 702
217 776
217 908
237 212
237 262
237 597
254 727
287 1
287 8
287 17
287 183
287 209
287 249
287 285
287 462
287 764
287 908
289 38
289 62
289 160
289 167
289 397
289 445
289 640
289 677
361 134
361 150
361 190
361 864
363 126
363 140
363 197
363 282
363 435
363 530
363 718
384 119
385 23
385 82
385 181
385 438
385 779
385 947
398 916
398 986
405 988
416 22
416 311
416 399
416 465
416 640
476 1
476 16
476 27
476 51
476 59
476 63
476 434
476 511
477 55
477 78
477 708
477 846
493 5
493 37
493 559
493 632
493 772
493 914
494 206
494 212
494 222
494 260
494 278
494 720
494 991
538 161
538 357
538 528
538 643
538 936
547 27
548 780
598 312
637 80
637 87
651 31
651 79
651 345
651 483
694 925
727 854
737 174
737 516
737 553
737 610
737 959
740 50
740 989
801 225
801 398
801 520
801 549
801 877
807 67
807 255
807 256
807 423
807 792
807 991
819 1
819 8
819 77
819 376
819 433
819 465
828 176
828 206
828 268
828 649
828 709
900 37
900 61
900 795
907 28
934 1
934 57
934 70
934 125
934 231
934 735
934 853
946 666
946 691
967 81
967 212
967 473
58 62
58 159
58 236
58 292
58 563
58 597
58 799
68 162
68 191
68 283
68 341
68 395
68 421
68 680
68 799
68 843
68 940
69 326
69 421
69 929
69 970
77 210
77 263
77 329
77 424
77 447
77 518
77 735
77 856
77 987
90 82
90 225
90 264
90 506
90 664
90 884
90 988
102 301
102 663
145 44
145 100
145 230
145 272
145 432
145 604
145 725
145 825
145 969
179 254
179 313
179 396
179 460
179 524
179 613
179 795
179 850
255 79
255 141
255 163
255 537
255 862
318 420
369 106
369 308
369 486
369 534
369 653
369 719
369 822
369 865
371 2
371 51
371 56
371 143
371 179
371 272
371 534
371 683
371 787
399 329
399 351
399 561
399 784
471 2
471 50
471 87
471 195
471 251
471 693
569 2
569 196
569 205
569 270
569 699
622 2
622 30
622 122
622 140
622 270
622 381
622 521
774 807
777 2
777 44
777 78
777 492
777 634
799 473
806 2
806 679
806 754
840 295
840 470
840 770
890 2
890 730
890 802
918 29
918 96
918 748
918 803
927 2
927 167
927 308
927 800
927 825
978 38
978 57
978 759
23 221
23 693
23 814
25 225
25 279
25 318
25 456
25 491
25 553
25 559
25 624
25 635
25 684
25 752
25 821
25 852
25 948
42 713
53 592
53 991
60 155
60 207
60 349
60 381
60 418
60 474
60 681
60 812
60 894
60 944
100 159
100 265
100 334
100 358
100 384
100 421
100 633
100 658
100 956
100 971
189 171
189 358
189 493
189 538
189 730
189 976
213 212
216 696
216 728
249 4
249 17
249 33
249 104
249 127
249 139
249 153
249 312
249 488
249 551
249 999
257 119
257 356
257 406
278 3
278 4
278 34
278 48
278 246
278 325
278 486
278 499
278 599
278 760
278 820
278 848
292 279
292 830
296 592
296 713
304 223
332 242
332 896
389 4
389 38
389 257
433 141
433 550
433 997
444 231
484 397
484 430
484 431
484 543
484 854
484 992
498 134
498 201
498 212
498 520
498 695
509 12
509 35
509 140
509 258
509 656
509 862
520 81
526 3
526 104
526 296
526 413
526 498
526 598
526 791
526 844
540 13
540 23
540 52
540 278
540 919
617 132
617 534
645 74
645 119
645 164
645 482
645 588
645 646
645 750
645 824
645 935
662 295
662 454
662 702
667 161
667 270
711 118
711 277
711 570
711 668
711 908
729 3
729 510
731 129
731 232
731 357
731 836
731 876
763 15
763 88
763 235
763 341
763 468
763 560
782 50
782 213
802 10
802 14
802 340
802 597
802 859
805 7
805 248
805 300
805 583
809 3
809 64
809 310
809 365
809 598
848 188
848 334
848 403
848 775
863 3
863 40
863 50
863 87
962 3
962 441
974 46
974 62
974 79
974 97
974 224
974 548
974 623
980 3
980 87
980 218
980 568
39 776
39 951
45 106
45 159
45 241
45 433
45 461
45 505
45 602
45 686
45 775
45 980
55 201
55 283
55 542
65 88
71 486
71 673
71 921
137 67
137 644
137 884
150 64
150 340
150 411
150 470
150 643
150 889
151 279
151 951
177 151
177 292
177 473
177 632
177 680
177 782
190 855
190 984
201 110
201 903
228 4
228 40
228 57
228 248
228 258
228 359
228 388
228 408
228 522
228 614
228 801
230 108
230 149
230 365
230 454
230 560
230 743
230 813
236 56
236 347
236 686
245 542
266 237
266 252
266 257
266 516
266 661
266 759
290 82
290 216
290 327
290 415
290 517
290 635
290 856
290 936
297 67
297 144
297 240
297 549
297 799
306 854
306 981
310 550
310 695
310 978
341 379
341 439
341 742
341 898
430 30
430 73
430 184
430 338
430 342
430 614
430 905
430 987
435 62
435 94
435 114
435 130
435 169
435 407
435 439
435 478
435 575
435 805
435 925
451 15
451 133
451 393
451 433
451 462
452 221
452 601
475 296
475 391
475 772
482 424
482 545
482 923
537 79
537 82
537 303
537 593
537 694
551 24
551 94
551 127
551 232
551 383
551 508
551 593
551 715
595 52
595 76
595 101
595 319
595 696
595 852
603 18
603 20
603 72
603 145
603 204
612 475
612 479
612 742
639 83
639 177
639 286
639 420
639 819
639 954
642 716
648 4
648 117
648 142
648 631
648 849
665 996
669 79
669 490
702 193
702 352
702 354
702 382
702 680
702 706
704 473
704 701
715 4
715 266
715 456
715 531
715 753
715 822
732 4
732 40
732 42
732 74
732 168
732 244
732 660
732 868
732 932
732 999
764 268
764 385
765 4
765 108
765 179
765 291
765 478
765 495
765 601
765 998
812 4
812 124
812 142
812 163
812 460
812 504
812 897
872 103
919 4
919 48
919 317
925 695
956 387
965 62
965 183
965 332
965 442
52 67
52 212
52 397
52 458
52 486
52 704
52 767
52 815
52 830
52 881
52 991
133 31
133 118
133 305
133 359
133 525
133 598
133 906
133 914
135 473
135 542
135 690
135 921
211 30
211 129
211 490
211 749
211 781
211 941
211 999
239 82
239 202
239 480
239 607
239 646
239 773
239 972
247 465
247 563
247 638
247 655
247 868
252 486
252 832
267 973
282 224
282 297
282 400
282 602
282 668
282 887
282 939
305 148
305 510
305 654
305 767
305 981
348 5
348 10
348 191
348 224
348 286
348 475
348 509
348 599
370 903
383 5
383 188
383 242
383 374
383 417
383 646
383 747
383 912
391 10
391 490
391 761
427 225
429 520
431 5
431 11
431 14
431 16
431 28
431 140
431 154
431 193
431 235
431 268
431 553
431 651
431 891
443 97
443 155
443 347
443 469
443 560
443 774
443 913
502 144
502 283
502 572
502 776
558 317
558 725
562 538
562 606
562 847
575 963
589 21
589 161
589 237
652 30
652 442
676 5
676 10
676 30
676 399
676 680
676 768
746 270
746 614
746 715
746 824
749 5
749 21
749 148
749 529
767 5
767 103
767 303
767 713
798 717
853 677
867 156
867 445
991 981
70 161
70 565
89 49
89 78
89 205
89 792
136 81
136 88
136 202
136 252
136 351
136 589
136 710
136 726
136 793
136 865
136 923
140 117
140 162
140 201
140 364
140 461
140 549
140 880
226 44
226 65
226 92
226 159
226 176
226 323
226 504
226 674
226 786
327 384
327 862
394 567
446 126
446 869
684 28
708 53
708 613
756 29
756 84
756 182
756 231
756 401
756 466
756 749
756 834
756 941
762 173
762 299
833 51
833 133
833 233
833 246
833 314
833 383
870 6
870 115
870 191
870 283
870 285
870 522
870 734
870 796
885 64
885 368
885 808
47 283
47 518
47 693
47 738
47 792
47 966
214 262
214 501
214 561
214 607
214 658
214 919
330 284
330 311
330 446
330 806
388 318
388 450
388 490
388 568
388 794
388 925
492 926
559 65
559 830
559 962
561 279
561 690
614 35
678 16
678 200
678 709
678 853
678 995
844 96
844 244
952 693
84 174
84 561
84 629
84 663
84 677
84 719
84 806
84 986
111 207
111 269
111 384
111 768
111 798
123 118
123 171
123 608
123 736
123 935
124 270
124 325
124 578
124 707
124 836
124 939
169 301
169 518
169 647
169 658
169 787
169 885
188 116
241 351
253 730
277 245
277 297
277 389
277 568
277 684
294 262
294 570
294 954
350 144
350 295
350 610
350 775
419 29
419 64
419 320
419 542
419 660
419 683
506 877
522 884
545 410
546 174
546 210
546 297
546 866
557 34
557 180
557 219
557 408
557 635
557 810
560 51
560 63
560 782
571 73
571 534
571 679
571 945
626 104
626 176
626 204
626 288
626 583
626 644
626 984
634 326
634 379
634 860
634 979
647 98
647 707
695 981
714 13
714 170
714 457
714 505
714 594
714 750
714 791
728 79
728 80
728 227
728 971
738 134
738 450
738 741
741 548
786 744
879 208
898 253
898 790
898 992
937 884
937 971
949 41
949 237
949 381
949 564
949 869
41 110
41 146
41 265
41 300
41 443
41 501
41 535
41 600
41 644
41 665
41 704
41 743
41 761
41 790
41 843
41 872
41 920
41 947
41 962
139 9
139 21
139 95
139 105
139 106
139 234
139 254
139 329
139 637
139 689
139 920
153 223
153 347
153 423
365 100
365 523
365 757
365 880
529 44
660 21
660 228
660 703
660 809
660 858
660 995
661 478
661 927
706 461
706 754
706 898
773 292
855 700
97 118
97 337
97 653
97 784
120 134
120 156
120 543
120 967
160 279
160 343
160 568
160 947
193 265
193 338
194 472
194 528
194 604
194 744
199 103
199 294
199 802
219 203
219 506
238 102
238 145
238 159
238 164
238 299
238 404
238 712
238 829
250 109
250 170
250 244
250 320
250 400
250 472
250 921
281 44
281 51
281 80
281 164
281 217
281 288
281 400
281 560
281 736
281 906
314 825
316 370
316 420
316 501
316 548
316 607
316 751
316 795
316 927
316 954
322 315
322 565
322 600
357 723
422 10
422 149
422 656
422 946
514 245
514 307
514 631
514 749
517 98
566 86
566 305
566 349
566 368
566 664
566 962
579 868
751 10
751 455
754 54
754 316
754 417
760 10
760 93
760 99
760 187
760 265
793 289
793 589
793 861
808 728
808 769
850 10
850 634
850 729
857 120
857 307
857 386
857 707
960 75
990 10
990 52
990 419
990 422
990 894
101 663
176 56
176 689
176 788
176 850
176 951
185 70
185 655
185 792
243 306
243 624
243 818
243 909
260 669
273 873
273 880
273 930
280 366
288 270
288 554
288 624
288 855
307 283
307 356
307 419
307 510
307 637
307 868
307 976
346 385
346 429
346 952
376 304
376 370
376 575
376 665
376 801
376 984
395 84
395 293
395 388
395 405
450 500
450 777
456 80
456 102
456 141
496 113
496 265
554 724
554 926
583 79
583 128
583 242
583 245
583 251
583 739
583 876
633 353
679 409
679 556
679 921
690 584
769 537
769 957
788 854
813 23
813 191
813 292
813 653
835 19
835 318
835 818
836 11
836 20
836 23
836 359
836 421
836 571
836 789
866 100
866 225
866 601
866 687
866 771
866 913
881 434
881 523
893 306
893 794
911 11
911 44
911 204
911 206
911 876
911 922
917 12
917 105
917 221
917 430
917 534
924 11
924 17
924 28
924 83
924 108
924 459
924 668
924 707
943 76
943 77
943 144
943 286
943 630
943 708
44 518
44 889
114 101
114 172
114 212
114 447
114 517
114 801
276 451
276 830
276 885
295 30
295 126
295 166
295 308
295 830
299 53
299 85
299 155
299 169
299 332
299 412
299 550
299 827
299 925
300 379
300 640
300 665
337 88
337 991
374 13
374 42
374 358
374 633
374 950
411 118
411 375
411 441
411 552
411 692
411 810
411 826
489 28
489 529
489 537
489 893
489 979
511 327
511 443
516 56
516 73
516 517
516 895
527 499
527 515
527 721
527 845
527 944
535 176
535 228
535 273
535 591
535 721
565 146
565 713
588 64
588 243
588 692
588 829
710 152
710 614
710 764
724 51
724 191
724 951
752 16
752 49
752 150
752 641
752 668
752 984
834 152
834 178
834 417
834 674
834 850
887 357
887 376
887 414
905 500
905 897
905 977
940 201
940 232
940 280
940 914
958 398
958 403
958 486
958 669
958 862
961 272
961 421
961 561
961 809
975 897
94 221
94 692
143 207
143 334
143 437
143 550
198 88
198 202
198 473
198 585
198 938
246 265
246 327
246 782
246 872
246 985
286 201
286 406
286 478
286 520
286 577
286 730
286 754
286 835
286 860
286 896
286 942
286 973
339 569
339 676
339 776
340 113
340 421
340 480
351 231
360 13
360 112
360 148
360 153
360 155
360 204
360 410
360 552
375 769
404 262
404 592
404 897
414 13
414 416
414 677
414 706
414 837
414 921
414 990
428 252
438 244
438 308
438 389
438 500
438 664
438 920
441 13
441 30
441 313
441 358
441 458
441 624
441 698
441 909
460 13
460 35
460 67
460 128
460 187
460 470
460 779
466 223
466 318
466 956
495 79
495 312
495 525
495 679
495 760
505 520
505 768
515 263
515 314
515 321
515 331
515 456
515 487
515 625
515 977
521 418
521 613
521 859
523 13
523 86
523 264
523 707
523 912
524 735
533 13
533 90
533 100
533 101
533 112
533 489
533 596
533 905
533 996
536 74
536 428
536 595
599 13
599 183
599 210
599 822
621 135
621 160
621 284
621 559
621 710
638 88
638 333
638 551
649 33
649 34
649 35
649 126
649 133
649 572
649 585
649 686
655 102
673 13
673 318
689 55
689 329
689 370
689 694
689 772
781 554
781 581
781 588
783 140
783 218
783 258
783 413
783 573
783 681
795 13
795 77
795 758
816 13
832 669
846 13
846 32
846 57
846 127
846 467
846 521
856 13
856 148
861 23
861 169
861 260
861 662
861 726
861 738
861 877
913 65
913 133
913 498
187 231
187 644
187 736
187 803
222 379
222 387
222 910
222 975
251 460
251 507
251 678
251 895
293 397
336 161
344 856
344 979
390 280
390 495
390 614
390 800
408 615
408 894
408 967
442 301
442 751
467 307
467 995
643 62
643 100
643 302
643 695
668 44
668 108
668 211
668 731
668 778
668 964
687 64
687 403
687 622
687 752
776 632
849 14
849 69
849 124
849 374
849 392
849 555
849 712
858 727
865 28
865 44
865 698
930 558
930 821
944 44
944 53
944 229
944 275
944 355
944 434
80 724
80 753
80 907
108 113
108 225
108 713
108 856
186 56
186 213
186 337
186 453
186 657
186 810
186 932
362 228
362 286
362 399
362 466
362 495
362 898
372 16
372 52
372 86
372 122
372 247
372 359
372 676
372 909
380 28
380 38
380 219
380 319
380 406
380 477
380 898
381 103
381 141
381 254
381 458
381 937
412 48
412 394
412 816
507 15
507 37
507 93
507 107
507 122
507 252
507 657
507 740
507 847
530 309
530 325
530 520
549 855
553 188
553 850
555 79
555 84
555 199
555 273
555 605
555 754
555 827
555 960
580 657
582 484
582 543
582 937
582 987
587 49
587 103
587 310
587 571
587 677
587 888
587 951
594 34
594 54
594 167
594 315
594 421
594 432
594 580
594 747
641 201
641 263
641 336
641 404
641 590
641 629
674 194
674 322
674 423
674 437
674 760
674 952
691 203
691 557
691 559
691 899
748 696
748 721
748 751
748 981
837 31
837 444
837 747
837 843
842 15
842 617
842 716
847 21
847 211
847 387
847 731
847 923
891 15
891 62
891 93
891 255
891 349
891 365
891 721
901 862
926 51
926 116
928 87
928 385
928 636
928 850
933 151
933 557
933 756
935 404
935 581
935 613
939 15
939 82
939 758
939 956
953 15
953 62
953 74
953 409
953 469
953 909
957 28
957 101
957 525
957 938
969 90
969 876
971 406
154 67
154 188
154 221
154 298
154 439
154 685
154 926
173 480
173 751
173 786
173 892
240 884
261 106
261 126
261 221
261 254
261 316
261 397
261 582
261 713
261 976
406 116
406 506
406 724
454 198
454 400
454 450
454 863
481 16
481 23
481 44
481 231
481 292
481 396
481 848
483 108
483 142
483 288
483 496
483 639
483 770
483 927
483 998
487 252
623 740
712 47
712 234
712 645
712 755
712 810
712 876
725 221
725 269
745 475
745 841
948 16
948 363
948 524
948 626
948 756
972 220
972 661
972 985
973 16
973 31
973 265
146 262
146 486
204 65
204 213
204 420
204 894
204 964
224 268
224 309
224 378
224 413
224 518
224 663
409 478
409 858
434 256
434 367
434 496
434 664
479 241
479 664
513 269
513 341
513 452
513 747
596 30
596 116
596 138
596 376
596 717
624 673
624 854
672 816
672 863
681 387
681 602
688 17
688 35
688 37
688 287
688 369
688 446
688 532
688 682
716 254
716 256
716 325
716 683
771 52
771 196
771 678
829 337
829 466
829 489
829 659
829 896
878 39
878 137
878 234
878 273
878 634
878 823
878 940
886 17
886 173
886 407
886 511
886 572
886 599
916 110
916 480
964 686
989 95
998 203
998 767
998 960
119 794
119 991
215 356
215 466
215 584
215 828
235 110
235 177
235 245
235 289
235 426
235 584
235 722
235 802
324 118
324 798
324 866
378 478
378 605
393 62
393 298
393 961
465 100
465 242
465 411
465 829
465 858
474 475
510 565
539 136
539 344
539 442
539 552
539 674
539 811
824 18
824 25
824 35
824 99
824 335
824 652
824 667
824 945
180 252
180 741
461 227
499 505
499 591
499 823
512 146
512 226
512 406
512 912
640 57
742 92
742 394
851 88
993 19
993 30
993 69
993 344
993 483
993 620
323 108
323 203
323 391
323 843
323 881
544 20
544 21
544 42
544 75
544 220
544 460
576 41
576 115
576 201
576 281
576 493
576 879
757 201
757 725
757 788
929 296
929 531
929 664
929 801
986 50
156 137
156 155
170 128
170 186
170 225
170 244
170 256
170 298
170 321
170 416
170 587
170 853
170 896
170 991
317 292
317 344
317 459
317 815
331 164
331 232
331 420
331 493
331 571
331 691
331 786
392 21
392 31
392 258
392 421
392 531
392 751
392 842
392 875
392 914
453 135
453 611
453 741
453 879
462 253
462 565
567 490
607 420
607 537
607 815
607 916
664 956
671 21
671 46
671 100
671 278
671 357
671 370
671 378
671 414
671 842
671 969
719 337
719 904
736 473
736 647
736 882
753 23
753 44
753 724
766 21
766 260
766 344
766 972
770 296
770 961
923 122
923 399
923 457
923 481
932 53
932 79
932 169
932 277
976 490
976 797
984 21
984 198
984 297
984 881
209 743
209 814
209 858
209 891
209 966
274 265
274 608
274 871
333 50
333 352
333 511
333 772
436 137
436 150
436 180
436 185
436 493
436 611
436 817
570 591
572 144
572 208
572 449
572 491
572 658
572 705
629 62
629 83
629 266
629 937
629 981
635 367
654 225
654 245
796 212
796 831
796 925
800 37
800 105
800 317
970 22
970 119
970 475
970 487
970 577
970 608
970 839
181 38
181 427
181 572
181 956
345 162
345 183
345 556
354 590
354 856
400 570
400 794
400 854
421 88
459 23
459 28
459 38
459 42
459 143
459 532
543 47
543 63
543 92
543 304
543 403
543 580
543 601
543 836
581 67
581 990
663 56
666 62
666 183
666 289
666 705
693 292
693 418
761 79
761 202
768 23
768 29
768 30
768 777
814 85
814 713
841 23
841 74
841 75
841 218
841 822
92 202
92 567
92 735
92 997
403 545
403 728
423 796
528 133
528 244
528 337
528 697
573 590
573 952
605 129
605 295
605 880
658 64
658 723
658 799
692 877
701 113
701 205
701 304
744 457
744 882
792 630
172 693
205 522
205 570
205 690
205 947
417 188
417 707
417 801
417 919
488 103
488 552
488 698
488 911
601 56
601 70
601 128
601 436
601 669
601 850
601 872
601 885
743 475
743 498
852 349
852 465
852 517
888 69
888 375
888 582
888 631
356 103
447 30
447 201
464 27
464 380
464 390
464 435
464 706
670 83
670 96
670 131
670 261
670 275
670 857
817 325
817 384
817 603
902 78
902 136
902 149
902 526
902 565
902 825
915 54
915 286
915 732
291 27
291 51
291 129
291 761
291 809
291 941
440 65
440 110
577 27
577 704
860 27
860 461
275 137
275 228
275 355
275 513
275 917
284 28
284 79
284 250
284 318
284 417
284 496
284 659
284 924
284 953
349 31
349 48
349 131
349 303
349 418
349 565
349 615
349 758
349 845
367 30
367 62
367 237
367 241
367 575
367 677
457 241
457 499
457 727
457 779
457 916
568 143
568 200
568 530
568 724
568 796
610 56
610 633
610 676
610 773
699 28
699 151
699 400
699 411
699 441
699 795
758 28
758 889
772 28
772 137
779 391
910 99
910 143
910 174
910 313
415 465
415 510
415 533
415 628
415 835
415 955
619 296
619 535
636 29
636 32
636 36
636 125
636 279
636 369
636 765
682 29
682 85
682 237
682 375
682 555
682 616
682 624
682 709
682 856
722 62
722 462
739 40
739 41
739 109
739 209
739 717
892 60
892 273
892 737
892 772
242 308
242 375
242 474
242 642
717 308
717 727
818 30
818 102
818 122
818 161
818 426
818 505
818 509
818 518
838 62
838 184
838 278
838 608
838 665
838 865
859 610
859 678
859 757
859 936
897 30
897 578
897 832
897 919
914 352
914 879
983 80
983 142
983 204
983 450
983 670
983 900
983 905
983 921
525 161
653 227
653 704
999 197
999 538
999 665
999 826
999 843
155 410
342 97
342 101
342 142
342 230
342 241
342 267
342 447
342 701
413 99
413 337
413 514
413 557
413 941
448 38
448 51
448 746
448 911
469 530
469 882
618 105
618 163
618 220
618 239
618 241
618 328
618 355
618 687
618 959
730 101
373 37
373 73
373 123
373 145
373 307
373 368
373 919
425 142
425 276
425 544
425 838
656 59
656 85
656 90
656 647
718 48
718 141
718 328
718 404
718 644
718 804
718 852
822 160
822 388
822 904
822 988
386 137
386 628
386 846
386 900
803 49
803 72
803 104
803 110
803 252
803 478
803 913
803 980
883 326
883 392
883 478
883 601
883 642
586 92
586 104
586 322
586 460
586 526
586 623
586 650
586 970
966 35
966 100
966 184
966 316
966 509
966 584
470 146
470 938
196 166
320 106
320 391
320 487
320 921
486 56
531 561
531 958
368 667
368 823
680 38
680 777
797 231
797 715
954 279
954 402
387 921
418 234
463 279
463 295
463 541
463 693
463 988
468 509
875 106
875 366
875 986
931 489
931 611
931 618
501 171
501 423
552 112
574 69
574 114
574 162
574 271
574 507
574 548
677 524
790 75
790 94
790 172
790 222
790 490
790 871
790 916
843 194
843 199
843 408
843 528
843 640
920 140
920 364
920 462
920 472
920 776
920 972
683 112
683 171
882 42
882 116
882 672
882 907
298 133
298 138
298 149
298 354
298 635
941 782
686 804
472 234
472 388
472 962
519 63
519 131
519 198
519 511
519 539
519 861
707 231
985 741
985 965
959 164
959 359
959 965
987 188
504 345
504 387
504 597
504 888
697 48
697 162
697 316
697 420
697 800
778 830
811 48
811 214
811 320
811 658
906 201
906 982
401 248
401 398
401 635
401 762
982 245
982 614
982 761
308 98
308 196
895 50
895 87
895 240
895 851
895 903
981 889
591 149
820 51
820 164
820 352
820 485
820 686
820 987
896 51
896 185
963 83
963 657
272 83
272 110
272 184
272 243
272 368
272 378
272 526
272 700
272 798
272 913
272 937
272 987
604 394
604 499
604 550
604 630
604 872
604 956
815 62
942 440
942 921
480 166
480 267
480 402
659 89
659 110
659 121
659 144
659 305
659 798
563 523
563 537
563 555
355 262
355 279
534 113
534 445
534 580
534 761
936 102
936 300
936 604
936 744
968 67
968 227
968 652
968 873
628 77
628 115
628 346
628 445
628 522
628 747
628 761
747 257
747 291
747 689
747 821
950 64
950 216
950 299
950 307
950 586
950 639
950 811
735 568
735 773
791 329
791 675
876 209
876 296
876 411
876 964
994 83
994 90
994 456
994 588
994 954
810 560
810 745
810 780
810 813
827 90
827 281
827 400
827 456
827 566
827 661
827 672
827 752
827 846
871 607
871 963
880 575
585 106
585 241
585 308
845 207
845 660
845 678
845 809
845 973
904 144
904 268
904 427
904 692
720 237
720 324
720 350
720 587
720 676
608 227
608 568
608 785
608 903
685 142
685 153
685 184
685 236
685 414
685 498
685 627
869 862
823 344
823 411
823 979
