1 98
4 70
4 74
4 76
4 79
4 82
4 92
4 94
6 98
7 87
7 89
7 91
7 97
8 79
8 87
8 91
8 98
9 96
10 72
10 75
10 80
10 82
10 87
10 94
11 92
11 95
14 85
14 88
14 96
16 57
16 73
16 85
16 89
16 93
16 97
17 95
17 97
18 89
19 78
19 93
21 66
21 68
21 71
21 73
21 76
21 79
21 88
21 98
23 98
24 90
24 99
25 90
25 92
25 95
26 98
28 73
28 75
28 80
28 82
28 84
28 86
28 90
28 93
29 84
29 89
29 92
29 98
30 69
30 80
30 83
30 92
30 96
31 92
31 95
34 71
34 73
34 86
34 97
36 76
36 87
36 95
37 75
37 82
37 84
37 87
37 90
37 92
37 99
38 76
38 81
38 83
38 87
38 90
38 93
38 95
38 99
41 80
41 86
41 93
42 82
42 85
42 94
44 95
44 97
47 93
47 98
50 70
50 73
50 80
50 90
50 98
51 35
51 39
51 49
51 57
51 73
51 75
51 77
51 79
51 81
51 83
51 85
51 87
51 89
51 91
51 93
51 95
51 98
53 49
53 57
53 81
53 83
53 85
53 87
53 90
53 92
53 96
53 98
54 57
58 32
59 12
59 57
61 57
61 85
61 87
61 90
61 92
61 95
61 97
62 32
64 43
64 52
64 87
64 91
64 93
65 27
65 57
65 59
65 76
65 83
65 89
65 91
65 94
65 96
66 33
66 35
66 39
66 52
66 84
66 88
66 91
66 99
67 2
67 57
67 63
67 75
67 88
67 90
67 92
67 97
68 27
68 39
68 85
68 87
68 90
68 92
68 94
68 97
68 99
69 2
69 12
69 43
69 46
69 49
69 57
69 60
69 63
69 89
69 91
69 95
69 98
70 15
70 27
70 32
70 88
71 35
71 57
72 27
72 32
72 40
72 62
72 75
72 84
72 93
72 96
72 99
73 15
73 22
73 43
73 57
73 60
73 63
73 98
74 2
74 3
74 27
74 40
74 46
74 49
74 59
74 75
74 84
75 12
75 32
75 45
75 57
76 35
77 20
77 43
77 55
77 56
77 57
77 58
77 60
77 63
77 64
77 70
77 71
77 73
77 75
77 76
77 79
77 84
77 87
77 89
77 91
77 97
77 99
79 40
79 49
79 52
79 57
79 58
79 60
79 63
79 70
79 75
79 76
79 82
79 84
79 88
79 91
79 93
80 2
80 15
80 33
80 45
80 59
80 89
80 91
80 96
80 98
81 5
81 13
81 27
81 32
81 46
81 48
81 52
81 57
81 58
81 62
81 63
81 70
81 76
81 78
81 79
81 82
81 86
81 88
81 90
81 96
82 39
82 59
82 60
83 2
83 12
83 46
83 52
83 91
84 5
84 62
84 63
85 22
85 32
85 40
85 43
85 46
85 52
85 56
85 70
85 71
85 74
85 76
85 90
85 92
85 94
85 96
86 57
86 59
86 60
86 62
86 63
86 82
86 84
86 87
86 90
86 93
87 27
87 33
87 43
87 52
87 56
87 70
87 71
87 75
87 76
87 88
87 91
88 2
88 22
88 32
88 39
88 45
88 59
88 60
88 62
88 63
89 43
89 49
89 90
90 3
90 57
90 59
92 32
92 35
92 54
92 56
92 58
92 59
92 62
92 63
92 71
92 83
94 2
94 33
94 45
94 56
94 59
94 62
94 78
94 79
94 83
94 86
94 92
94 96
94 98
95 0
95 15
95 32
95 35
95 40
95 49
95 52
95 57
95 60
95 63
95 81
95 84
95 85
95 90
95 94
95 98
97 12
97 27
97 33
97 60
97 63
97 76
97 84
97 87
97 91
97 94
97 95
98 0
98 3
98 13
98 15
98 46
98 48
98 52
98 55
98 56
98 57
98 59
98 70
98 71
98 82
98 83
98 88
98 89
91 12
91 15
91 46
91 60
91 75
91 88
91 90
93 22
93 39
93 43
93 52
93 57
93 60
93 70
93 75
93 76
93 84
93 87
93 89
93 91
99 32
99 40
99 60
99 62
99 63
99 84
99 86
99 90
99 95
99 98
78 12
78 32
96 56
96 58
96 59
96 62
96 70
96 75
96 82
96 92
96 98
