0 964
0 973
0 984
0 997
1 919
1 936
1 949
1 959
1 967
1 979
5 792
5 805
5 820
5 826
5 874
5 891
5 909
5 917
5 932
5 960
5 965
5 967
6 496
6 525
6 536
6 544
6 560
6 565
6 572
6 596
6 606
6 616
6 630
6 644
6 646
6 661
6 672
6 686
6 708
6 731
6 770
6 784
6 787
6 810
6 843
6 863
6 884
6 889
6 916
6 955
6 964
6 980
7 898
7 908
7 921
7 936
7 966
7 990
10 833
10 836
10 851
10 896
10 904
10 932
10 959
10 978
10 988
10 996
11 953
12 720
12 743
12 749
12 761
12 772
12 780
12 802
12 809
12 813
12 828
12 865
12 930
12 964
12 985
14 759
14 769
14 778
14 789
14 816
14 832
14 841
14 860
14 870
14 879
14 919
14 931
14 949
14 959
14 970
14 985
14 994
15 931
15 945
15 953
15 981
16 795
16 805
16 836
16 843
16 888
16 903
16 911
16 921
16 950
16 961
16 967
16 992
17 755
17 763
17 771
17 776
17 780
17 812
17 849
17 879
17 886
17 892
17 909
17 929
17 936
17 954
17 967
17 978
17 985
17 999
18 976
19 842
19 864
19 866
19 880
19 907
19 928
19 931
19 945
19 954
19 970
19 985
19 993
21 948
21 991
22 868
22 885
22 894
22 910
22 932
22 942
22 999
23 939
23 947
23 953
23 967
23 985
24 771
24 814
24 827
24 869
24 884
24 894
24 914
24 940
24 953
24 965
25 357
25 363
25 392
25 402
25 411
25 423
25 427
25 433
25 445
25 466
25 477
25 501
25 519
25 536
25 556
25 586
25 589
25 595
25 601
25 621
25 643
25 675
25 683
25 693
25 704
25 712
25 739
25 749
25 777
25 849
25 885
25 936
25 997
26 727
26 740
26 743
26 756
26 767
26 775
26 798
26 804
26 826
26 842
26 875
26 881
26 886
26 936
26 960
26 986
26 992
26 998
31 916
31 944
31 954
31 977
31 997
32 961
32 983
34 992
34 997
36 857
36 889
36 914
36 919
36 933
36 946
36 971
39 820
39 843
39 859
39 882
39 909
39 932
39 935
39 957
39 968
39 995
40 928
40 934
40 951
40 983
40 994
41 890
41 932
41 970
43 813
43 822
43 829
43 836
43 853
43 878
43 890
43 897
43 910
43 921
43 934
43 987
43 991
44 864
44 869
44 878
44 891
44 920
44 930
44 950
44 964
49 968
49 976
49 991
49 994
50 675
50 682
50 691
50 704
50 716
50 721
50 743
50 750
50 760
50 775
50 782
50 821
50 826
50 848
50 853
50 867
50 877
50 895
50 944
50 976
50 993
55 742
55 761
55 765
55 777
55 810
55 824
55 833
55 853
55 872
55 882
55 894
55 901
55 906
55 910
55 920
55 932
55 948
55 965
55 979
55 990
56 822
56 832
56 860
56 882
56 940
56 963
56 974
58 500
58 534
58 557
58 560
58 571
58 581
58 593
58 601
58 613
58 624
58 649
58 652
58 666
58 679
58 690
58 709
58 720
58 746
58 764
58 785
58 790
58 802
58 826
58 830
58 888
58 912
58 924
58 971
58 981
59 857
59 902
59 907
59 928
59 941
59 947
59 972
59 992
61 788
61 799
61 813
61 845
61 881
61 896
61 917
61 950
61 982
61 999
63 971
63 974
63 991
64 841
64 872
64 884
64 920
64 928
64 958
64 982
64 985
64 991
69 943
69 963
69 982
69 997
72 831
72 838
72 855
72 864
72 880
72 890
72 901
72 934
72 963
72 988
72 997
73 917
73 949
73 968
73 971
73 978
73 991
74 642
74 645
74 679
74 695
74 727
74 754
74 776
74 801
74 809
74 822
74 841
74 854
74 865
74 880
74 914
74 917
74 924
74 948
74 965
74 985
75 791
75 804
75 824
75 834
75 836
75 893
75 914
75 941
75 975
76 940
76 987
77 883
77 888
77 899
77 939
77 957
77 966
77 977
77 986
78 986
81 909
81 917
81 940
81 958
81 960
81 991
81 995
81 998
83 885
83 904
83 907
83 928
83 945
83 965
83 982
83 995
84 914
84 924
84 932
84 943
84 951
84 957
84 968
84 976
86 877
86 898
86 907
86 920
86 953
86 964
86 986
88 679
88 715
88 726
88 745
88 754
88 765
88 775
88 781
88 807
88 813
88 831
88 847
88 856
88 896
88 913
88 917
88 940
88 957
88 984
91 954
91 972
91 981
91 983
91 992
97 952
97 985
102 796
102 800
102 813
102 815
102 831
102 833
102 843
102 855
102 864
102 869
102 876
102 884
102 891
102 900
102 913
102 919
102 924
102 931
102 936
102 944
102 952
102 960
102 982
103 826
103 829
103 833
103 835
103 840
103 846
103 861
103 864
103 869
103 875
103 885
103 887
103 897
103 908
103 910
103 916
103 928
103 932
103 937
103 940
103 947
103 957
103 962
103 966
103 969
103 972
103 983
103 993
103 999
105 786
105 793
105 800
105 810
105 818
105 822
105 829
105 834
105 839
105 850
105 853
105 864
105 870
105 874
105 877
105 883
105 885
105 889
105 905
105 920
105 936
105 938
105 948
105 952
105 967
105 971
105 977
105 985
105 997
106 857
106 933
106 940
106 947
106 955
106 961
106 967
106 974
106 983
106 986
106 996
106 998
107 788
107 792
107 808
107 816
107 835
107 843
107 851
107 859
107 869
107 878
107 891
107 898
107 909
107 920
107 926
107 940
107 950
107 955
107 960
107 967
107 969
107 972
107 983
107 989
109 747
109 756
109 760
109 764
109 772
109 777
109 789
109 796
109 805
109 815
109 824
109 839
109 841
109 850
109 852
109 860
109 867
109 875
109 884
109 891
109 899
109 911
109 917
109 924
109 929
109 932
109 943
109 949
109 961
109 965
109 976
109 984
109 988
109 992
109 998
114 986
114 990
115 823
115 828
115 830
115 842
115 857
115 871
115 880
115 882
115 890
115 898
115 901
115 916
115 920
115 922
115 927
115 930
115 934
115 955
115 964
115 968
115 985
115 994
117 871
117 885
117 887
117 895
117 898
117 901
117 913
117 918
117 923
117 927
117 939
117 951
117 959
117 969
117 978
117 983
117 989
117 993
117 995
117 998
118 894
118 903
118 915
118 920
118 928
118 937
118 951
118 959
118 969
118 973
118 989
120 878
120 885
120 901
120 908
120 914
120 925
120 929
120 940
120 951
120 958
120 968
120 979
120 984
121 821
121 829
121 843
121 847
121 868
121 877
121 883
121 890
121 892
121 907
121 913
121 918
121 928
121 941
121 950
121 956
121 966
121 971
121 978
121 982
121 986
121 991
121 997
123 575
123 647
123 651
123 665
123 673
123 682
123 700
123 702
123 705
123 712
123 715
123 729
123 740
123 747
123 760
123 765
123 785
123 796
123 805
123 821
123 826
123 832
123 837
123 842
123 848
123 854
123 864
123 874
123 881
123 884
123 903
123 910
123 913
123 918
123 922
123 925
123 938
123 947
123 956
123 963
123 972
123 982
123 989
123 995
125 699
125 701
125 705
125 712
125 721
125 740
125 746
125 751
125 753
125 755
125 765
125 770
125 779
125 782
125 788
125 794
125 800
125 812
125 816
125 818
125 828
125 848
125 859
125 863
125 867
125 873
125 880
125 897
125 904
125 917
125 922
125 928
125 940
125 946
125 955
125 970
125 973
125 989
125 997
129 723
129 729
129 732
129 739
129 757
129 769
129 778
129 785
129 795
129 804
129 806
129 825
129 835
129 846
129 850
129 858
129 875
129 879
129 887
129 890
129 894
129 902
129 913
129 915
129 924
129 938
129 945
129 948
129 955
129 984
129 989
130 956
130 962
130 970
130 973
130 982
130 987
130 998
131 817
131 827
131 836
131 845
131 854
131 862
131 866
131 869
131 881
131 885
131 889
131 895
131 904
131 915
131 930
131 939
131 950
131 976
131 983
131 990
131 996
133 729
133 731
133 744
133 752
133 756
133 760
133 763
133 771
133 778
133 790
133 799
133 807
133 813
133 823
133 826
133 838
133 846
133 858
133 868
133 878
133 891
133 917
133 921
133 939
133 951
133 962
133 980
133 986
133 999
134 857
134 980
134 989
135 862
135 879
135 890
135 892
135 911
135 918
135 924
135 935
135 946
135 959
135 971
135 981
135 986
135 991
135 996
139 701
139 704
139 718
139 723
139 727
139 741
139 748
139 756
139 761
139 786
139 795
139 798
139 800
139 808
139 814
139 827
139 840
139 860
139 870
139 873
139 894
139 905
139 912
139 925
139 932
139 943
139 952
139 960
139 967
139 980
139 983
139 993
142 915
142 922
142 952
142 960
142 965
142 976
142 978
142 980
142 992
143 857
145 786
145 802
145 807
145 820
145 826
145 830
145 836
145 852
145 860
145 869
145 879
145 885
145 893
145 902
145 908
145 912
145 922
145 931
145 950
145 957
145 963
145 973
145 988
145 992
145 996
148 897
148 904
148 912
148 938
148 943
148 947
148 970
148 974
148 985
148 997
149 963
149 971
149 984
149 993
150 761
150 768
150 771
150 779
150 784
150 797
150 805
150 813
150 817
150 820
150 837
150 847
150 855
150 878
150 881
150 903
150 913
150 916
150 923
150 926
150 941
150 944
150 959
150 969
150 988
152 706
152 774
152 777
152 787
152 793
152 798
152 809
152 817
152 820
152 827
152 839
152 864
152 877
152 883
152 890
152 902
152 912
152 916
152 946
152 958
152 967
152 981
152 987
152 989
152 999
155 938
155 944
155 957
155 965
155 975
155 992
157 857
160 568
160 579
160 586
160 594
160 596
160 602
160 611
160 616
160 629
160 641
160 654
160 663
160 676
160 681
160 692
160 706
160 711
160 717
160 719
160 722
160 724
160 731
160 736
160 741
160 754
160 764
160 779
160 782
160 797
160 812
160 814
160 832
160 844
160 849
160 852
160 884
160 892
160 897
160 913
160 925
160 931
160 935
160 937
160 943
160 950
160 972
160 976
160 985
160 994
162 760
162 778
162 784
162 798
162 806
162 821
162 824
162 834
162 840
162 851
162 862
162 871
162 876
162 886
162 896
162 900
162 903
162 914
162 920
162 925
162 940
162 952
162 966
162 972
162 988
162 996
163 801
163 808
163 815
163 823
163 828
163 835
163 844
163 848
163 856
163 866
163 877
163 880
163 891
163 908
163 913
163 921
163 930
163 934
163 946
163 966
163 975
163 983
163 988
164 933
164 951
168 957
168 973
170 857
172 700
172 705
172 718
172 730
172 735
172 741
172 744
172 756
172 760
172 762
172 766
172 778
172 789
172 793
172 799
172 808
172 814
172 821
172 829
172 831
172 835
172 847
172 864
172 871
172 878
172 891
172 899
172 909
172 923
172 933
172 943
172 945
172 955
172 967
172 974
172 981
172 993
174 903
174 930
174 947
174 960
174 968
174 973
174 980
174 983
174 988
174 995
176 989
178 761
178 772
178 776
178 780
178 806
178 823
178 841
178 851
178 853
178 887
178 915
178 922
178 930
178 945
178 951
178 957
178 971
178 988
178 990
179 854
179 865
179 875
179 896
179 900
179 907
179 922
179 927
179 943
179 945
179 954
179 962
179 977
179 987
180 938
180 955
180 974
180 990
180 998
181 900
181 908
181 912
181 918
181 948
181 961
181 973
181 981
181 994
181 998
182 977
185 747
185 769
185 778
185 803
185 807
185 814
185 836
185 843
185 849
185 851
185 854
185 863
185 875
185 889
185 898
185 918
185 939
185 950
185 962
185 969
185 971
185 974
185 987
185 990
187 706
187 763
187 796
187 800
187 805
187 812
187 824
187 833
187 842
187 852
187 854
187 869
187 876
187 898
187 915
187 924
187 940
187 946
187 957
187 964
187 977
187 982
188 927
188 943
188 971
188 980
191 474
191 518
191 539
191 547
191 557
191 570
191 590
191 594
191 596
191 602
191 625
191 642
191 647
191 651
191 666
191 674
191 706
191 711
191 725
191 730
191 742
191 750
191 761
191 800
191 814
191 828
191 838
191 846
191 854
191 868
191 885
191 894
191 908
191 916
191 924
191 935
191 964
191 975
191 979
191 993
196 855
196 858
196 861
196 864
196 869
196 882
196 888
196 896
196 914
196 917
196 930
196 942
196 958
196 968
196 985
196 999
197 706
197 827
197 837
197 851
197 865
197 872
197 887
197 891
197 902
197 921
197 940
197 952
197 960
197 976
197 982
197 986
198 575
198 707
198 711
198 718
198 731
198 752
198 760
198 768
198 778
198 781
198 786
198 791
198 797
198 811
198 820
198 826
198 838
198 855
198 868
198 902
198 906
198 912
198 925
198 941
198 944
198 960
198 967
198 974
201 976
201 980
201 987
201 998
203 663
203 667
203 692
203 702
203 710
203 718
203 729
203 737
203 742
203 750
203 760
203 766
203 777
203 788
203 791
203 794
203 808
203 826
203 828
203 832
203 874
203 884
203 891
203 910
203 932
203 944
203 960
203 966
204 857
204 899
204 902
204 910
204 922
204 930
204 933
204 943
204 948
204 952
204 968
204 983
204 986
204 992
204 999
205 723
205 772
205 793
205 813
205 831
205 846
205 884
205 887
205 890
205 900
205 903
205 911
205 915
205 921
205 945
205 954
205 975
205 991
209 857
211 951
211 980
211 984
214 970
214 975
214 986
216 909
216 923
216 935
216 958
216 983
224 497
224 523
224 528
224 533
224 537
224 551
224 553
224 562
224 573
224 584
224 592
224 603
224 616
224 621
224 633
224 641
224 645
224 651
224 662
224 677
224 687
224 696
224 706
224 717
224 731
224 752
224 762
224 766
224 784
224 795
224 814
224 819
224 825
224 828
224 845
224 854
224 857
224 883
224 916
224 929
224 954
224 985
225 660
225 667
225 672
225 676
225 682
225 685
225 695
225 709
225 713
225 721
225 735
225 772
225 794
225 824
225 830
225 840
225 851
225 879
225 885
225 907
225 915
225 927
225 947
225 953
225 959
225 984
227 922
227 936
227 947
227 962
227 978
227 992
227 996
229 938
229 946
229 953
229 961
229 970
229 972
229 987
230 967
230 993
234 272
234 276
234 366
234 474
234 552
234 564
234 567
234 584
234 591
234 609
234 625
234 638
234 655
234 671
234 700
234 721
234 731
234 735
234 740
234 772
234 796
234 814
234 819
234 831
234 838
234 840
234 843
234 864
234 875
234 880
234 891
234 901
234 912
234 942
234 958
234 971
234 992
242 526
242 637
242 649
242 779
242 790
242 799
242 807
242 817
242 822
242 826
242 833
242 835
242 858
242 861
242 865
242 870
242 887
242 904
242 915
242 926
242 950
242 960
242 974
242 981
247 773
247 796
247 809
247 826
247 829
247 834
247 845
247 854
247 889
247 902
247 926
247 932
247 945
247 985
253 401
255 838
255 850
255 871
255 889
255 900
255 920
255 947
255 960
255 974
255 988
255 999
258 266
258 349
258 366
258 397
258 435
258 506
258 512
258 526
258 542
258 561
258 574
258 579
258 585
258 594
258 603
258 607
258 620
258 648
258 665
258 677
258 682
258 694
258 713
258 716
258 728
258 743
258 748
258 762
258 766
258 771
258 783
258 808
258 820
258 852
258 859
258 866
258 874
258 885
258 909
258 937
258 942
258 956
258 966
258 989
262 357
262 435
262 763
262 770
262 775
262 797
262 805
262 809
262 834
262 847
262 867
262 885
262 890
262 908
262 956
262 960
262 983
263 891
263 897
263 913
263 921
263 944
263 952
263 963
263 998
265 634
265 650
265 665
265 676
265 684
265 697
265 700
265 725
265 757
265 765
265 794
265 828
265 843
265 846
265 857
265 862
265 871
265 882
265 886
265 891
265 916
265 931
265 949
265 952
265 962
265 987
265 992
267 867
267 908
267 917
267 924
267 932
267 944
267 948
269 843
269 864
269 866
269 873
269 892
269 909
269 913
269 920
269 944
269 963
269 982
273 867
273 881
273 883
273 886
273 899
273 924
273 936
273 952
273 969
273 972
273 981
273 988
273 993
273 998
274 718
274 727
274 730
274 753
274 760
274 797
274 804
274 813
274 820
274 844
274 867
274 870
274 912
274 914
274 926
274 982
274 988
275 697
275 917
275 925
275 963
275 968
275 982
278 310
278 435
278 534
278 544
278 547
278 551
278 576
278 580
278 606
278 611
278 619
278 640
278 647
278 651
278 661
278 668
278 675
278 677
278 683
278 691
278 699
278 714
278 730
278 740
278 752
278 768
278 773
278 787
278 789
278 797
278 847
278 872
278 885
278 898
278 906
278 914
278 932
278 958
278 967
278 971
278 980
278 998
284 857
287 591
287 620
287 636
287 686
287 704
287 725
287 738
287 743
287 753
287 758
287 765
287 784
287 800
287 806
287 845
287 857
287 908
287 924
287 947
287 950
287 965
287 973
287 981
287 991
291 594
291 809
291 824
291 831
291 850
291 870
291 908
291 922
291 935
291 954
291 960
291 986
291 993
292 578
292 585
292 697
292 861
292 886
292 891
292 899
292 913
292 930
292 973
292 999
294 526
294 557
294 570
294 578
294 624
294 629
294 659
294 667
294 683
294 690
294 694
294 699
294 703
294 706
294 727
294 736
294 751
294 762
294 786
294 810
294 825
294 868
294 877
294 882
294 904
294 920
294 927
294 966
294 968
294 970
298 256
298 261
298 280
298 290
298 336
298 387
298 398
298 402
298 480
298 487
298 541
298 570
298 620
298 627
298 674
298 712
298 723
298 732
298 734
298 750
298 781
298 785
298 816
298 820
298 823
298 827
298 866
298 877
298 890
298 899
298 919
298 960
298 971
298 977
301 857
304 857
306 397
306 539
306 636
306 716
306 730
306 775
306 792
306 809
306 846
306 854
306 867
306 879
306 900
306 922
306 941
306 952
306 969
308 706
308 904
308 921
308 925
308 932
308 949
308 965
308 975
308 982
312 804
312 806
312 815
312 842
312 845
312 847
312 864
312 877
312 903
312 943
312 978
312 993
313 378
313 401
313 553
313 575
313 624
313 642
313 663
313 672
313 684
313 713
313 724
313 727
313 751
313 763
313 785
313 804
313 815
313 829
313 835
313 843
313 855
313 867
313 884
313 922
313 933
313 935
313 946
313 961
313 976
314 857
317 310
317 785
317 951
317 990
322 745
322 761
322 771
322 808
322 811
322 833
322 847
322 867
322 891
322 928
322 930
322 956
324 999
331 357
331 907
331 923
331 933
331 940
331 946
331 951
331 971
333 85
333 215
333 256
333 261
333 380
333 400
333 438
333 476
333 535
333 574
333 587
333 597
333 615
333 631
333 653
333 667
333 686
333 692
333 718
333 753
333 764
333 783
333 803
333 810
333 820
333 827
333 840
333 849
333 859
333 872
333 882
333 904
333 913
333 928
333 934
333 947
333 955
333 972
333 982
333 990
335 357
335 401
336 397
341 993
343 697
343 771
343 899
343 914
343 924
343 931
343 953
343 988
343 998
345 936
345 983
346 137
346 375
346 553
346 649
346 667
346 706
346 715
346 720
346 732
346 758
346 777
346 791
346 811
346 831
346 869
346 882
346 902
346 912
346 953
346 970
359 293
359 435
359 487
359 509
359 531
359 553
359 570
359 599
359 637
359 675
359 695
359 706
359 829
359 860
359 866
359 892
359 906
359 911
359 940
359 963
359 989
364 697
365 649
365 987
365 994
366 857
367 794
367 800
367 822
367 836
367 844
367 877
367 888
367 904
367 908
367 936
367 953
367 964
367 985
367 991
369 357
369 397
369 763
369 807
369 919
369 929
369 939
369 954
369 979
371 310
371 366
371 591
371 606
371 612
371 628
371 665
371 819
371 837
371 868
371 893
371 904
371 916
371 929
371 936
371 946
371 963
371 975
371 987
372 378
372 605
372 655
372 663
372 670
372 684
372 687
372 730
372 738
372 749
372 773
372 824
372 830
372 889
372 893
372 906
372 924
372 959
372 971
372 990
372 996
382 223
382 276
382 296
382 380
382 390
382 438
382 481
382 494
382 504
382 513
382 529
382 568
382 581
382 591
382 601
382 635
382 666
382 687
382 710
382 730
382 745
382 770
382 790
382 826
382 830
382 832
382 848
382 863
382 868
382 883
382 924
382 930
382 959
382 973
382 979
382 993
389 857
391 706
391 723
391 838
391 860
391 870
391 879
391 904
391 928
391 968
391 974
395 338
395 349
395 378
395 665
395 971
395 979
395 993
399 368
399 375
399 405
399 509
399 563
399 585
399 623
399 645
399 664
399 751
399 807
399 860
399 870
399 928
399 938
399 941
399 944
399 967
399 978
403 458
403 489
403 573
403 594
403 606
403 620
403 657
403 660
403 677
403 714
403 720
403 741
403 784
403 799
403 823
403 837
403 860
403 905
403 924
403 947
403 954
403 971
403 987
408 137
408 140
408 250
408 293
408 296
408 375
408 390
408 424
408 577
408 798
408 903
408 917
411 951
413 867
413 917
413 938
413 960
413 969
420 723
422 361
422 378
422 599
422 605
422 623
422 629
422 711
422 759
422 944
422 986
423 137
423 161
423 260
423 310
425 706
426 397
426 575
426 585
426 645
426 708
426 724
426 798
426 883
426 905
426 918
426 931
426 940
426 955
426 980
434 272
434 832
434 857
434 873
434 878
434 890
434 902
434 987
440 290
440 357
440 637
440 936
440 980
440 998
448 357
448 518
448 671
448 735
448 762
448 790
448 849
448 899
448 913
448 919
448 951
448 960
451 223
451 356
451 410
451 475
451 481
451 494
451 497
451 507
451 526
451 536
451 548
451 569
451 591
451 600
451 634
451 648
451 658
451 671
451 679
451 714
451 736
451 759
451 762
451 826
451 834
451 839
451 853
451 855
451 862
451 887
451 891
451 909
451 936
451 969
451 999
454 296
454 366
454 375
454 637
454 763
454 944
454 951
455 71
455 266
455 338
455 857
460 575
461 266
461 397
461 706
466 293
466 310
467 272
467 280
467 285
467 290
467 338
467 431
467 659
467 724
467 868
467 903
467 946
467 976
467 982
467 993
469 540
469 553
469 763
469 931
469 958
471 368
471 375
471 378
471 578
471 706
471 857
475 401
475 620
478 65
478 104
478 119
478 184
478 213
478 217
478 260
478 261
478 325
478 370
478 402
478 428
478 518
478 539
478 557
478 577
478 659
478 701
478 710
478 716
478 747
478 756
478 767
478 788
478 816
478 842
478 847
478 864
478 914
478 943
478 969
478 972
478 993
479 256
479 272
479 357
479 435
479 437
479 466
479 553
479 736
479 800
479 812
479 829
479 849
479 864
479 897
479 923
479 961
479 986
481 137
483 526
483 699
483 798
483 906
483 951
484 706
484 963
484 971
484 988
486 3
486 137
486 290
486 578
486 585
486 620
486 706
488 161
488 173
488 266
488 272
488 283
488 284
488 325
488 337
488 423
488 553
488 563
488 575
488 606
488 649
488 807
488 917
488 953
488 972
488 983
488 993
491 859
491 905
491 959
491 983
491 992
493 68
493 288
493 357
493 375
493 400
493 415
493 487
493 544
493 560
493 615
493 639
493 658
493 688
493 701
493 711
493 740
493 803
493 815
493 851
493 872
493 890
493 896
493 936
493 965
495 636
495 649
500 137
501 140
501 199
501 217
501 283
501 323
501 327
501 329
501 340
501 476
501 510
501 532
501 570
501 623
501 647
501 664
501 684
501 710
501 718
501 728
501 742
501 751
501 761
501 784
501 805
501 816
501 822
501 842
501 875
501 890
501 916
501 940
501 998
504 370
504 374
504 873
511 3
511 158
511 243
511 272
511 283
511 423
511 424
511 557
511 593
511 633
511 691
511 719
511 764
511 797
511 827
511 861
511 883
511 923
511 959
516 223
516 272
516 349
516 398
516 460
516 461
516 513
516 620
516 637
516 723
516 748
516 751
516 790
516 861
516 906
516 922
516 928
516 945
516 971
516 983
519 51
519 100
519 146
519 166
519 175
519 177
519 192
519 209
519 290
519 314
519 337
519 338
519 356
519 363
519 375
519 449
519 452
519 611
519 624
519 659
519 686
519 692
519 822
519 839
519 886
519 954
519 971
521 166
521 272
521 296
521 303
521 400
521 480
521 506
521 535
521 575
521 607
521 647
521 685
521 691
521 705
521 733
521 759
521 777
521 790
521 847
521 861
521 890
521 906
521 931
521 976
521 988
523 402
523 585
524 47
524 65
524 449
524 476
524 507
524 518
524 526
524 587
524 629
528 822
528 922
528 964
528 980
529 261
529 276
529 293
529 585
529 686
529 860
529 945
529 958
529 974
534 763
535 310
537 71
537 161
537 368
537 397
537 476
537 526
537 620
537 976
538 140
538 166
538 173
538 208
538 233
538 284
538 366
538 370
538 378
538 380
538 401
538 431
538 550
538 585
538 603
538 624
538 648
538 665
538 673
538 747
538 787
538 824
538 873
538 894
538 899
538 902
538 943
538 974
542 917
544 763
549 705
549 712
549 737
549 759
549 767
549 870
549 950
549 967
552 261
552 435
552 509
552 526
552 563
552 587
552 637
552 723
552 751
552 830
552 868
552 900
552 911
552 929
552 954
552 975
552 998
554 137
554 223
554 310
554 349
554 405
554 415
554 547
554 716
554 754
554 763
554 802
554 837
554 866
554 886
554 903
554 930
554 944
554 952
554 964
556 3
556 706
558 33
558 370
558 556
558 697
558 751
558 791
558 839
558 854
558 901
558 923
558 943
558 958
560 279
560 402
560 575
567 140
567 437
567 508
567 509
567 692
567 722
567 734
567 790
567 800
567 843
567 888
571 147
571 166
571 173
571 219
571 243
571 272
571 363
571 400
571 539
571 629
571 695
571 867
572 846
572 889
572 898
572 928
572 943
572 947
572 956
573 272
573 276
573 310
573 378
573 667
573 873
576 256
576 378
576 405
576 428
576 437
576 695
576 806
576 845
576 861
576 879
576 910
576 927
576 938
576 978
577 137
578 51
579 3
579 260
579 272
579 282
579 325
579 332
579 428
579 476
579 570
579 708
579 751
579 763
579 839
579 857
579 860
579 929
580 266
580 279
580 575
580 873
580 986
582 215
582 276
582 325
582 368
582 374
582 485
582 556
582 560
582 565
582 591
582 612
582 633
582 663
582 689
582 694
582 699
582 705
582 733
582 786
582 822
582 845
582 857
582 908
582 929
582 962
586 62
586 85
586 108
586 110
586 122
586 170
586 200
586 219
586 241
586 288
586 347
586 370
586 415
586 578
586 645
586 699
586 759
586 890
586 925
586 939
590 215
590 279
590 328
590 410
590 449
590 452
590 489
590 628
590 647
590 689
590 699
590 759
590 854
590 990
592 266
592 272
592 437
592 476
592 585
592 663
592 706
592 712
592 757
592 820
592 856
592 914
592 945
592 949
593 51
593 228
593 261
593 366
593 375
593 556
593 594
593 606
593 724
593 762
593 771
593 843
593 889
593 909
595 51
595 338
595 691
595 724
595 761
595 786
595 838
595 852
595 888
595 904
595 920
595 962
595 971
603 161
603 256
603 283
603 332
603 347
603 392
603 526
603 618
603 659
603 699
603 835
604 137
604 288
604 357
604 423
604 466
604 563
604 659
604 744
604 756
604 779
604 854
604 866
604 894
604 914
604 927
604 963
604 970
604 974
604 991
620 37
620 100
624 283
624 370
624 390
624 405
624 777
625 54
625 108
625 140
625 153
625 192
625 303
625 435
625 577
625 857
625 983
625 990
626 71
626 260
626 261
626 310
626 591
626 612
626 643
626 692
626 708
626 721
626 730
626 782
626 803
626 847
626 858
626 876
626 889
626 931
626 956
629 33
629 47
629 65
629 397
630 140
630 192
630 220
630 282
630 293
630 347
630 356
630 431
630 485
630 508
630 539
630 636
635 276
635 392
635 405
635 435
635 438
635 476
635 487
635 685
635 936
636 223
641 397
641 452
641 618
642 33
642 37
642 161
642 357
642 390
642 489
642 539
642 594
642 671
642 697
642 715
642 738
642 860
642 873
642 908
642 917
642 927
642 941
642 982
647 288
647 699
647 800
650 3
650 137
650 161
650 296
650 327
650 328
650 335
650 397
650 419
650 428
650 452
650 487
650 547
650 647
650 648
650 673
650 694
650 730
650 779
650 802
650 826
650 844
650 862
650 898
650 925
650 960
650 969
650 974
666 20
666 101
666 228
666 260
666 276
666 323
666 330
666 370
666 381
666 389
666 417
666 454
666 553
666 591
666 598
666 610
666 619
666 672
666 696
666 729
666 737
666 819
666 840
666 921
666 951
666 974
667 378
667 401
670 256
670 310
670 909
672 20
672 140
672 184
672 200
672 282
672 432
672 437
672 442
672 618
672 711
672 767
672 901
672 910
672 955
672 960
672 971
672 981
672 988
674 347
674 397
674 553
674 594
678 100
678 108
678 126
678 161
678 166
678 215
678 260
678 980
679 52
679 113
679 256
679 338
679 357
679 494
679 556
679 649
679 944
679 964
682 452
682 637
683 122
683 159
683 248
683 290
683 319
683 363
683 445
683 480
683 481
683 494
683 568
683 578
683 579
683 593
683 630
683 681
683 682
683 692
683 714
683 744
683 752
683 789
683 802
683 821
683 892
683 912
683 945
683 996
688 390
688 534
688 606
688 771
689 228
689 508
689 509
696 47
696 290
696 293
696 400
696 461
696 497
696 534
696 535
696 560
696 563
696 622
696 628
696 647
696 652
696 697
696 748
696 757
696 767
696 790
696 854
696 964
702 173
702 228
702 279
702 282
702 415
702 568
702 602
702 612
702 697
702 711
702 721
702 744
702 761
702 905
702 911
702 935
702 964
702 987
702 993
703 401
703 540
713 177
713 215
713 299
713 415
713 513
713 557
713 802
713 832
713 922
713 945
716 93
716 126
716 137
716 153
716 161
716 432
720 3
720 264
720 290
720 352
720 357
720 419
720 449
720 517
720 726
720 750
720 776
720 781
720 844
720 855
720 880
720 968
720 996
722 45
722 402
722 654
722 685
726 166
726 184
726 373
726 449
726 458
726 509
726 534
726 602
726 612
726 618
726 703
726 735
726 767
726 835
726 874
726 998
728 256
728 401
728 506
728 540
728 541
728 598
728 624
728 685
728 715
728 735
728 856
728 917
730 99
730 124
730 127
730 146
730 158
730 173
730 192
730 228
730 282
730 304
730 387
730 402
730 486
730 487
730 498
730 636
730 723
730 843
730 861
730 883
730 979
733 137
733 261
733 539
733 993
734 215
734 260
734 288
734 290
734 368
734 380
734 466
734 508
734 526
734 557
734 637
736 71
736 137
736 366
736 428
736 452
736 570
736 602
736 609
736 697
736 743
736 786
736 802
736 873
736 893
736 917
736 919
736 938
738 147
738 272
738 293
738 338
738 397
738 699
741 293
741 822
742 108
742 147
742 219
742 276
742 599
742 763
742 807
742 822
742 980
744 293
744 296
744 374
744 397
744 759
744 861
752 51
754 62
754 71
754 82
754 104
754 119
754 153
754 217
754 219
754 283
754 286
754 290
754 296
754 310
754 328
754 356
754 415
754 424
754 432
754 612
754 620
754 623
754 627
754 771
754 922
755 52
755 79
755 100
755 113
755 122
755 128
755 161
755 166
755 189
755 190
755 220
755 256
755 497
755 560
755 708
755 759
755 771
755 906
755 986
763 47
763 51
763 161
763 200
763 283
763 288
763 296
763 349
763 375
763 474
767 33
767 215
767 337
767 363
767 390
767 423
767 435
767 489
767 497
767 539
767 570
767 873
770 127
770 128
770 140
770 146
770 154
770 189
770 206
770 241
770 277
770 405
770 481
770 545
770 547
770 606
770 647
770 665
770 692
770 754
770 831
770 888
770 974
782 85
782 272
782 378
782 526
782 585
782 591
782 636
782 708
782 864
782 887
783 108
783 110
783 116
783 219
783 232
783 266
783 310
783 328
783 339
783 368
783 450
783 452
783 461
783 486
783 494
783 507
783 742
783 893
783 929
791 329
791 332
791 349
791 397
791 402
791 447
791 535
791 577
791 620
791 627
791 637
791 663
791 692
791 699
791 787
791 856
791 886
791 909
791 979
792 20
792 101
792 116
792 146
792 147
792 153
792 206
792 228
792 248
792 260
792 337
792 363
792 370
792 392
792 466
792 540
792 560
792 723
792 724
792 800
792 889
792 899
792 936
793 173
793 192
793 276
793 296
793 431
793 578
793 686
793 716
793 917
793 975
795 100
795 122
795 141
795 147
795 151
795 177
795 190
795 233
795 284
795 400
795 428
795 506
795 518
795 550
795 553
795 567
795 623
795 752
795 811
795 870
795 886
795 936
795 944
795 993
795 996
796 146
796 228
796 272
796 401
796 445
796 545
796 747
796 782
796 810
796 892
796 969
796 980
797 119
797 158
797 219
797 293
797 637
797 695
797 697
797 807
797 843
798 62
798 126
798 140
798 290
798 338
798 368
798 763
800 100
800 374
800 649
814 378
814 380
814 423
814 437
814 535
814 602
814 757
814 768
814 789
814 790
814 812
814 820
814 857
814 876
814 980
820 71
820 206
820 310
820 802
820 835
820 868
820 878
820 910
825 93
825 113
825 124
825 189
825 207
825 209
825 232
825 257
825 290
825 299
825 326
825 358
825 365
825 375
825 412
825 445
825 454
825 469
825 475
825 506
825 545
825 547
825 550
825 572
825 588
825 601
825 608
825 658
825 718
825 742
825 763
825 780
825 862
825 867
825 879
825 893
825 911
825 995
826 65
826 101
826 166
826 213
826 260
826 378
826 402
826 452
826 998
829 51
829 266
829 279
829 357
829 380
829 387
829 397
829 405
829 452
829 506
829 534
829 575
829 636
829 692
829 723
829 807
829 910
834 4
834 110
834 122
834 173
834 194
834 206
834 266
834 276
834 338
834 380
834 410
834 522
834 566
834 582
834 594
834 603
834 696
834 739
834 762
834 768
834 782
834 792
834 796
834 817
834 833
834 835
834 874
834 965
834 972
835 51
835 159
835 207
835 374
835 437
835 539
836 8
836 33
836 68
836 100
836 128
836 177
836 200
836 215
836 217
836 246
836 283
836 311
836 393
836 417
836 440
836 447
836 466
836 470
836 485
836 492
836 520
836 526
836 578
836 588
836 611
836 615
836 635
836 675
836 688
836 703
836 731
836 771
836 831
836 861
836 903
836 946
836 999
837 101
837 202
837 220
837 223
837 228
837 260
837 458
837 518
837 856
837 889
837 943
845 110
845 113
845 347
845 349
845 414
845 424
845 428
845 442
845 497
845 507
845 577
845 578
845 659
845 800
845 889
847 68
847 192
847 202
847 304
847 397
847 490
847 513
847 708
847 883
849 4
849 33
849 80
849 100
849 127
849 151
849 159
849 208
849 481
849 499
849 511
849 586
849 663
849 677
849 702
849 728
849 739
849 740
849 752
849 801
849 816
849 867
849 886
849 910
849 924
849 956
849 979
851 166
851 194
851 279
851 283
851 293
851 338
851 356
851 389
851 398
851 424
851 449
851 550
851 636
851 861
851 873
851 901
851 905
851 926
851 940
851 949
851 978
854 832
854 951
855 100
855 138
855 141
855 147
855 153
855 157
855 166
855 175
855 189
855 190
855 202
855 233
855 236
855 241
855 261
855 352
855 423
855 509
855 535
855 585
855 591
855 615
855 631
855 655
855 826
855 839
855 944
859 85
859 184
859 228
859 283
859 557
859 618
860 13
860 110
860 113
860 243
860 266
860 612
862 158
862 161
862 248
862 260
862 310
862 356
862 370
862 627
862 762
862 790
862 792
862 796
862 814
862 831
862 839
862 845
862 850
862 868
862 896
862 901
862 912
862 933
863 3
863 119
863 137
863 206
863 233
863 250
863 270
863 279
863 299
863 320
863 361
863 368
863 389
863 437
863 500
863 506
863 520
863 531
863 577
863 582
863 585
863 599
863 629
863 637
863 670
863 687
863 688
863 707
863 726
863 734
863 735
863 757
863 838
863 841
863 866
863 892
863 908
863 921
863 939
863 952
863 981
866 82
866 89
866 146
866 223
866 244
866 282
866 284
866 299
866 304
866 355
866 374
866 390
866 402
866 480
866 513
866 523
866 545
866 555
866 573
866 593
866 645
866 649
866 724
866 784
866 797
866 839
866 990
867 42
867 62
867 87
867 137
867 184
867 261
867 452
867 526
873 33
873 100
873 119
874 127
874 147
874 202
874 223
874 347
874 474
874 497
874 539
874 667
874 761
883 53
883 110
883 128
883 140
883 146
883 161
883 184
883 219
883 250
883 260
883 272
883 286
883 357
883 575
883 922
887 3
887 80
887 140
887 202
887 243
887 301
887 328
887 352
887 397
887 402
887 458
887 487
887 508
887 539
887 630
887 689
887 700
887 731
887 790
887 867
887 951
888 20
888 47
888 256
888 276
888 466
888 636
888 802
888 822
890 4
890 29
890 93
890 110
890 166
890 474
890 487
890 513
890 708
890 893
890 911
890 936
896 51
896 299
896 311
896 337
896 387
896 442
896 577
896 587
896 611
896 614
896 663
896 674
896 899
896 906
896 909
897 2
897 62
897 65
897 71
897 108
897 144
897 169
897 175
897 209
897 210
897 212
897 310
897 364
897 407
897 470
897 476
897 477
897 494
897 514
897 555
897 556
897 561
897 575
897 742
897 862
897 869
897 931
897 972
898 54
898 87
898 104
898 110
898 116
898 132
898 137
898 161
898 177
898 215
898 220
898 235
898 244
898 266
898 284
898 335
898 374
898 405
898 410
898 432
898 490
898 535
898 558
898 594
898 667
898 677
898 680
898 724
898 780
898 844
898 933
898 943
898 962
898 972
902 3
902 485
902 754
902 831
902 925
905 100
905 113
905 147
905 159
905 228
905 400
905 419
905 424
905 509
905 593
905 643
905 664
905 683
905 694
905 700
905 701
905 708
905 715
905 806
905 828
905 867
905 904
905 955
905 980
910 4
910 85
910 92
910 108
910 112
910 128
910 190
910 213
910 228
910 290
910 299
910 349
910 560
910 563
910 585
910 594
910 697
918 35
918 101
918 153
918 158
918 251
918 301
918 314
918 466
918 507
918 510
918 564
918 579
918 602
918 687
918 712
918 738
918 741
918 745
918 754
918 844
918 851
918 893
918 968
919 62
919 92
919 202
919 361
919 368
919 387
919 390
919 431
919 442
919 486
919 547
919 674
919 682
919 688
919 694
919 734
919 744
919 746
919 797
919 810
919 930
923 53
923 95
923 113
923 140
923 144
923 161
923 177
923 184
923 192
923 223
923 233
923 261
923 340
923 370
923 375
923 390
923 402
923 526
923 550
923 747
923 777
923 857
923 861
923 866
923 922
923 964
924 4
924 65
924 119
924 124
924 159
924 170
924 173
924 328
924 392
924 409
924 410
924 477
924 556
924 629
924 858
924 986
936 35
936 45
936 47
936 137
936 147
936 159
936 173
936 212
936 233
936 235
936 248
936 257
936 272
936 279
936 319
936 370
936 397
936 401
936 627
937 29
937 54
937 68
937 110
937 166
937 337
937 356
937 398
937 411
937 425
937 437
937 447
937 465
937 475
937 506
937 507
937 536
937 557
937 647
937 717
937 733
937 790
937 812
937 936
937 969
939 33
939 119
939 215
939 220
939 251
939 256
939 423
939 684
939 723
939 728
939 768
939 820
939 901
939 914
939 976
939 995
940 136
940 194
940 213
940 323
940 325
940 671
940 708
940 718
940 908
940 916
942 101
942 157
942 175
942 192
942 219
942 235
942 251
942 301
942 339
942 378
942 386
942 442
942 452
942 498
942 510
942 522
942 573
942 709
942 756
942 774
942 877
942 917
942 922
942 991
948 30
948 80
948 110
948 414
948 437
948 523
948 550
948 556
948 567
948 630
948 646
948 647
948 654
948 777
948 861
948 981
952 2
952 4
952 27
952 85
952 113
952 147
952 175
952 223
952 266
952 288
952 293
952 332
952 347
952 594
952 747
952 748
952 777
952 784
952 789
952 908
952 938
952 990
953 334
953 366
953 388
953 462
953 473
953 475
953 476
953 515
953 558
953 643
953 688
953 751
953 772
953 845
953 846
953 854
953 864
953 910
953 943
953 993
956 57
956 82
956 199
956 202
956 236
956 246
956 257
956 280
956 299
956 314
956 380
956 384
956 392
956 447
956 458
956 594
956 605
956 639
956 679
956 680
956 685
956 794
956 862
956 877
956 894
956 909
956 967
960 126
960 199
960 209
960 212
960 248
960 310
960 487
960 664
960 726
960 803
960 856
960 866
960 979
961 51
961 137
961 190
961 250
961 276
961 321
961 325
961 329
961 337
961 361
961 384
961 398
961 401
961 435
961 442
961 462
961 539
961 573
961 591
961 652
961 660
961 675
961 694
961 747
961 807
961 847
961 896
961 950
961 972
961 992
963 54
963 90
963 104
963 108
963 112
963 128
963 138
963 146
963 151
963 153
963 208
963 253
963 272
963 314
963 328
963 393
963 423
963 520
963 553
963 587
963 624
963 708
963 721
963 945
964 100
964 119
964 140
964 158
964 870
964 878
972 8
972 71
972 100
972 108
972 119
972 141
972 192
972 194
972 219
972 228
972 280
972 321
972 353
972 392
972 424
972 499
972 509
972 524
972 564
972 565
972 715
972 783
972 796
972 839
972 857
972 901
973 45
973 101
973 223
973 296
973 303
973 370
973 390
973 622
973 751
973 757
973 805
973 828
973 840
973 849
973 872
983 47
983 104
983 119
983 209
983 233
983 283
983 288
983 319
983 349
983 363
983 368
983 437
983 438
983 473
983 485
983 555
983 560
983 691
983 698
983 733
983 757
983 925
984 35
984 42
984 99
984 110
984 126
984 161
984 338
984 384
984 507
984 532
984 547
984 550
984 552
984 651
984 657
984 740
984 750
984 769
984 831
984 841
984 843
984 852
984 926
984 954
984 988
988 113
988 136
988 153
988 166
988 173
988 284
988 317
988 338
988 370
988 389
988 393
988 440
988 466
988 483
988 551
988 566
988 614
988 636
988 677
988 695
988 707
988 708
988 730
988 756
988 768
988 787
988 821
988 918
988 951
988 994
997 4
997 13
997 92
997 110
997 161
997 194
997 254
997 264
997 304
997 310
997 344
997 364
997 389
997 407
997 438
997 604
997 615
997 616
997 626
997 637
997 690
997 719
997 766
997 771
997 841
997 848
997 858
997 870
997 893
997 899
997 907
997 938
997 988
183 649
183 667
183 740
183 746
183 751
183 755
183 771
183 782
183 792
183 801
183 803
183 811
183 817
183 823
183 833
183 840
183 851
183 860
183 867
183 872
183 882
183 886
183 896
183 903
183 925
183 932
183 937
183 942
183 952
183 957
183 967
183 973
183 976
183 981
183 984
183 987
183 998
221 910
221 914
221 961
221 971
221 996
237 401
237 587
237 618
237 636
237 716
237 743
237 768
237 778
237 794
237 800
237 812
237 827
237 842
237 854
237 873
237 883
237 894
237 897
237 924
237 933
237 956
237 966
237 977
237 985
237 992
249 883
249 916
249 921
249 931
249 939
249 946
249 975
254 540
289 759
289 835
289 899
289 940
289 965
289 973
289 982
289 991
295 839
295 878
295 885
295 894
295 899
295 922
295 953
295 966
295 980
295 989
307 578
307 777
307 785
307 816
307 834
307 872
307 887
307 889
307 900
307 905
307 914
307 938
307 948
307 958
307 975
307 985
318 818
318 823
318 849
318 857
318 886
318 915
318 919
318 938
318 943
318 952
318 962
318 975
326 435
326 803
326 839
326 873
326 893
326 936
326 983
326 996
354 539
354 606
354 664
354 686
354 705
354 811
354 815
354 817
354 820
354 835
354 849
354 863
354 871
354 875
354 890
354 900
354 908
354 932
354 955
354 962
354 972
354 977
354 984
358 452
358 659
404 276
404 310
404 402
404 424
404 438
404 452
404 598
404 612
404 632
404 634
404 668
404 674
404 689
404 707
404 739
404 766
404 784
404 799
404 804
404 820
404 841
404 881
404 913
404 937
404 984
417 161
417 256
417 293
417 357
417 723
417 993
429 256
429 272
429 276
429 401
429 423
429 476
429 494
429 509
429 563
429 594
429 659
429 798
429 874
429 973
429 985
436 51
436 85
436 137
436 161
436 357
436 375
436 556
436 599
436 637
436 665
436 723
436 919
436 937
436 947
436 968
441 192
441 219
441 310
441 374
441 386
441 419
441 466
441 470
441 493
441 495
441 507
441 515
441 531
441 535
441 557
441 567
441 575
441 596
441 605
441 642
441 647
441 670
441 691
441 698
441 713
441 721
441 761
441 765
441 804
441 825
441 835
441 847
441 865
441 875
441 887
441 920
441 924
441 966
441 982
441 998
463 137
463 261
463 374
463 497
463 509
463 553
463 659
463 762
463 785
463 873
463 886
463 901
463 911
463 916
463 919
463 925
463 950
463 968
463 981
463 987
463 997
498 951
499 401
499 627
499 659
499 777
499 839
499 925
505 279
505 296
505 575
505 674
505 700
505 716
505 734
505 776
505 786
505 803
505 812
505 858
505 884
505 898
505 906
505 933
505 954
505 978
505 986
505 997
518 53
522 161
522 228
522 261
522 375
522 553
522 723
522 832
522 839
522 857
522 929
527 166
527 256
527 347
527 378
527 452
527 494
527 594
527 762
527 847
527 859
527 951
527 970
545 3
545 33
545 45
545 137
545 146
545 161
545 397
545 665
545 807
555 366
555 442
555 476
561 737
561 771
561 979
562 45
562 290
562 296
562 612
562 712
562 737
562 933
566 272
566 279
566 338
566 368
566 526
566 539
566 577
566 699
566 857
583 53
583 223
583 557
583 699
583 745
583 776
583 806
583 838
583 849
583 902
583 912
583 939
583 948
583 969
583 982
583 984
598 108
598 146
598 303
598 370
598 375
598 401
598 716
598 807
598 859
600 45
600 110
600 126
600 158
600 166
600 173
600 272
600 363
600 398
600 497
600 540
600 577
600 722
600 742
600 774
600 802
600 850
600 900
600 906
600 922
600 940
600 965
607 166
607 219
607 266
607 279
607 310
607 349
607 370
607 437
607 578
607 699
607 771
643 192
643 215
643 251
643 276
643 296
643 304
643 361
643 375
643 378
643 455
643 471
643 481
643 545
643 573
643 599
643 612
643 649
643 664
643 699
643 723
643 737
643 741
643 817
643 861
643 899
643 910
643 929
643 974
648 126
648 279
648 310
648 375
648 458
648 560
648 575
648 667
648 806
648 817
648 889
648 931
653 3
653 51
653 137
653 140
653 156
653 173
653 260
653 282
653 310
653 325
653 370
653 438
653 545
653 682
653 747
653 936
660 233
660 248
660 370
660 652
660 689
660 700
660 711
660 735
660 815
660 820
660 869
660 909
660 926
660 943
660 976
660 998
664 45
664 137
664 184
664 706
675 357
675 361
677 53
677 54
677 68
677 128
677 175
677 199
677 207
677 220
677 232
677 284
677 285
677 335
677 415
677 431
677 534
677 557
677 560
677 570
677 641
677 748
677 775
677 785
677 840
677 854
677 874
677 892
677 906
677 978
677 998
710 361
710 577
710 632
710 671
710 749
710 964
732 85
732 100
732 110
732 126
732 276
732 296
732 338
732 375
732 575
732 585
732 630
732 686
732 812
732 879
732 956
749 45
749 80
749 272
749 606
749 751
749 790
749 835
766 65
766 89
766 100
766 108
766 110
766 126
766 146
766 158
766 219
766 223
766 250
766 256
766 329
766 356
766 568
766 591
766 593
766 763
766 858
766 903
769 9
769 101
769 137
769 202
769 207
769 261
769 290
769 332
769 442
769 534
769 652
769 712
769 723
769 759
769 843
769 856
769 874
769 889
769 911
769 942
769 957
769 995
772 20
772 184
772 223
772 508
772 691
772 711
772 785
772 839
772 873
776 37
776 52
776 62
776 67
776 71
776 94
776 127
776 147
776 190
776 244
776 251
776 282
776 338
776 380
776 553
776 695
781 47
781 146
781 153
781 223
781 361
781 370
781 485
781 530
781 559
781 573
781 582
781 612
781 659
781 733
781 742
781 778
781 790
781 818
781 845
781 881
781 883
781 896
781 933
781 957
781 977
802 47
802 51
802 284
802 337
802 405
802 437
802 474
802 706
806 71
806 85
806 112
806 140
806 146
806 208
806 248
806 256
806 272
806 279
806 296
806 337
806 397
806 414
806 487
806 560
806 591
806 689
806 734
806 822
806 860
807 575
841 137
841 508
841 587
841 623
841 628
841 652
841 703
841 706
841 774
841 786
841 813
841 816
841 849
841 876
841 905
841 928
841 953
841 977
841 985
844 52
844 124
844 126
844 140
844 161
844 173
844 219
844 244
844 256
844 266
844 272
844 375
844 400
844 452
844 695
844 697
844 930
844 971
844 986
892 173
892 209
892 246
892 290
892 296
892 304
892 373
892 415
892 438
892 517
892 628
892 630
892 654
892 847
892 950
892 954
899 100
899 108
899 112
899 128
899 140
899 141
899 146
899 246
899 248
899 260
899 290
899 438
899 557
899 697
899 711
899 986
899 998
909 28
909 116
909 184
909 192
909 200
909 202
909 272
909 303
909 357
909 380
909 445
909 471
909 786
909 917
920 2
920 28
920 48
920 57
920 89
920 113
920 122
920 194
920 199
920 209
920 215
920 220
920 285
920 378
920 522
920 531
920 593
920 654
920 656
920 761
920 896
920 927
920 956
944 100
944 116
944 175
944 206
944 213
944 217
944 257
944 540
944 618
944 629
944 735
944 785
949 54
949 217
949 277
949 286
949 303
949 328
949 336
949 353
949 356
949 358
949 380
949 454
949 461
949 487
949 541
949 566
949 590
949 637
949 655
949 670
949 713
949 814
949 830
949 842
949 859
949 867
949 881
949 926
949 928
949 987
951 8
951 9
951 47
951 71
951 93
951 94
951 104
951 122
951 153
951 166
951 184
951 283
951 373
951 419
951 423
951 466
951 497
951 553
951 807
951 857
959 223
959 251
959 261
959 299
959 347
959 415
959 800
959 958
966 33
966 124
966 137
966 161
966 243
966 246
966 248
966 250
966 275
966 302
966 306
966 390
966 421
966 439
966 449
966 456
966 460
966 476
966 488
966 489
966 512
966 529
966 534
966 558
966 579
966 616
966 633
966 643
966 650
966 693
966 735
966 788
966 860
966 863
966 876
966 889
966 898
966 907
966 920
966 992
967 3
967 30
967 207
967 277
967 280
967 310
967 332
967 431
967 440
967 490
967 591
967 623
967 639
967 692
967 710
967 747
967 756
967 830
967 861
967 986
970 2
970 68
970 98
970 128
970 132
970 153
970 154
970 166
970 177
970 276
970 304
970 325
970 374
970 428
970 465
970 481
970 506
970 524
970 531
970 703
970 827
970 841
970 873
970 929
970 930
970 937
970 964
970 999
979 119
979 146
979 200
979 311
979 320
979 329
979 332
979 337
979 401
979 487
979 506
979 761
979 807
190 857
193 922
193 928
193 955
193 959
193 964
193 984
222 637
222 664
222 681
222 695
222 710
222 720
222 737
222 740
222 750
222 755
222 767
222 775
222 788
222 798
222 806
222 818
222 825
222 828
222 835
222 845
222 851
222 862
222 876
222 883
222 901
222 916
222 956
222 984
222 992
245 507
245 572
245 578
245 586
245 594
245 608
245 619
245 622
245 626
245 633
245 644
245 654
245 674
245 685
245 698
245 725
245 739
245 756
245 793
245 812
245 816
245 828
245 837
245 853
245 858
245 868
245 875
245 896
245 907
245 916
245 963
245 987
302 137
302 401
302 432
302 452
302 476
302 587
302 594
302 800
302 865
302 885
302 892
302 906
302 924
302 939
302 947
302 964
302 968
302 978
302 990
302 999
315 807
315 903
315 922
315 939
315 961
315 976
315 984
315 990
344 575
383 293
383 539
383 667
383 675
383 712
383 723
383 744
383 748
383 776
383 800
383 803
383 818
383 824
383 843
383 853
383 870
383 875
383 887
383 895
383 898
383 925
383 941
383 949
383 963
383 976
383 985
385 290
385 338
385 400
385 508
385 557
385 627
385 641
385 662
385 677
385 683
385 708
385 752
385 804
385 815
385 824
385 836
385 852
385 889
385 914
385 956
385 958
385 983
414 272
414 310
416 428
416 618
416 759
416 832
416 838
416 850
416 878
416 888
416 910
416 960
416 968
416 971
416 980
416 985
418 585
418 636
418 665
418 800
418 886
418 897
418 914
418 931
418 999
430 282
430 283
430 293
430 354
430 370
430 371
430 376
430 394
430 402
430 410
430 415
430 422
430 439
430 443
430 457
430 461
430 465
430 473
430 493
430 528
430 540
430 552
430 577
430 641
430 660
430 667
430 706
430 720
430 743
430 770
430 783
430 815
430 824
430 841
430 869
430 884
430 938
459 575
459 649
459 697
459 822
459 868
459 877
459 913
459 950
459 964
459 978
459 995
490 378
490 578
490 771
492 51
492 868
492 883
492 889
492 922
509 857
513 575
514 397
514 629
514 859
514 925
514 936
536 137
536 260
536 261
536 266
536 337
536 380
536 435
536 438
536 539
536 860
548 110
548 127
548 147
548 173
548 208
548 217
548 266
548 285
548 314
548 320
548 363
548 389
548 407
548 435
548 438
548 616
548 635
548 641
548 682
548 706
548 745
548 770
548 780
548 793
548 813
548 852
548 893
548 986
551 357
551 370
551 401
551 575
551 665
551 990
551 998
588 228
588 256
588 260
588 296
588 960
588 998
589 368
589 401
589 435
589 494
589 652
589 763
589 870
589 942
589 998
597 45
597 54
597 71
597 80
597 189
597 207
597 244
597 260
597 283
597 299
597 330
597 389
597 424
597 427
597 449
597 450
597 474
597 475
597 490
597 502
597 508
597 562
597 572
597 578
597 587
597 596
597 621
597 646
597 668
597 749
597 775
597 789
597 823
597 832
597 835
597 854
597 869
597 944
597 984
601 3
601 266
601 695
601 762
601 826
601 830
601 871
601 922
601 939
601 980
601 995
602 279
602 293
602 397
602 575
610 158
610 219
610 228
610 256
610 279
610 398
610 526
610 570
610 575
610 585
610 675
610 689
610 723
610 831
610 868
610 883
610 901
610 977
610 992
623 8
623 100
623 119
623 166
623 223
623 293
623 357
623 402
623 452
623 474
623 762
623 839
627 173
627 200
627 219
627 338
627 497
627 526
644 101
644 272
644 392
644 405
644 577
644 594
644 652
644 800
644 859
644 984
646 217
646 219
646 243
646 535
646 544
646 566
646 587
646 614
646 627
646 645
646 685
646 767
646 800
646 874
646 945
652 361
654 368
654 951
656 276
656 553
656 568
685 228
685 279
685 325
685 723
695 476
695 585
695 620
695 697
707 153
707 184
707 233
707 264
707 314
707 332
707 419
707 425
707 510
707 557
707 559
707 594
707 605
707 607
707 684
707 692
707 714
707 726
707 737
707 741
707 756
707 786
707 801
707 838
707 859
707 867
707 887
707 922
707 945
707 990
740 390
740 449
740 540
740 547
740 566
740 575
740 578
740 628
740 680
740 715
740 728
740 744
740 747
740 835
740 845
740 864
740 900
740 925
740 937
740 979
740 986
760 202
760 243
760 272
760 325
760 438
760 473
760 512
760 538
760 595
760 602
760 696
760 710
760 717
760 726
760 767
760 792
760 809
760 836
760 912
764 71
764 153
764 166
764 192
764 207
764 282
764 314
764 374
764 407
764 409
764 427
764 623
764 711
768 53
768 126
768 228
768 260
768 296
768 303
768 401
768 415
768 563
768 578
768 695
768 800
768 859
774 70
774 80
774 92
774 113
774 119
774 127
774 175
774 189
774 213
774 248
774 279
774 437
774 474
774 476
774 628
774 664
774 734
774 859
774 911
840 2
840 46
840 104
840 110
840 151
840 158
840 170
840 173
840 177
840 299
840 309
840 325
840 349
840 368
840 370
840 381
840 402
840 449
840 487
840 504
840 509
840 646
840 715
840 829
840 853
840 860
840 885
840 964
842 85
842 166
842 260
842 296
842 405
842 432
842 507
842 609
842 618
842 692
842 711
842 723
842 759
842 860
842 908
842 911
842 951
842 979
858 35
858 65
858 68
858 137
858 223
858 244
858 256
858 266
858 284
858 321
858 337
858 389
858 395
858 409
858 460
858 471
858 560
858 563
858 647
858 665
858 691
858 708
858 728
858 752
858 756
858 807
858 890
858 925
865 65
865 153
865 159
865 200
865 251
865 296
865 442
865 606
865 716
865 822
865 843
865 857
865 920
865 927
865 943
865 952
865 995
884 54
884 93
884 127
884 136
884 159
884 202
884 207
884 251
884 332
884 358
884 363
884 421
884 425
884 438
884 443
884 452
884 496
884 500
884 512
884 570
884 645
884 658
884 671
884 677
884 680
884 697
884 739
884 745
884 752
884 760
884 806
884 864
884 901
884 943
884 982
922 146
922 219
922 290
922 325
922 374
922 380
922 397
922 419
922 534
922 645
922 716
922 807
992 2
992 35
992 45
992 51
992 89
992 140
992 170
992 200
992 233
992 260
992 286
992 300
992 381
992 432
992 447
992 460
992 476
992 509
992 530
992 629
992 631
992 667
992 678
992 779
992 805
992 832
992 950
994 3
994 100
994 104
994 127
994 189
994 200
994 219
994 290
994 310
994 375
994 494
994 557
994 606
994 614
994 618
994 622
994 627
994 711
994 798
994 800
994 812
994 889
994 945
994 960
994 983
996 2
996 9
996 80
996 93
996 101
996 119
996 132
996 147
996 156
996 177
996 251
996 272
996 329
996 338
996 357
996 381
996 400
996 414
996 526
996 652
996 665
996 716
996 860
996 924
998 57
998 65
998 67
998 127
998 138
998 184
998 190
998 208
998 244
998 282
998 288
998 301
998 327
998 449
998 489
998 567
999 2
999 110
999 154
999 219
999 232
999 260
999 270
999 320
999 335
999 337
999 347
999 352
999 381
999 455
999 475
999 609
999 677
999 721
999 726
999 727
999 783
999 784
999 793
999 800
999 867
999 877
999 906
999 959
999 961
167 435
167 442
167 449
167 459
167 477
167 487
167 500
167 519
167 526
167 530
167 533
167 538
167 547
167 552
167 575
167 582
167 592
167 604
167 610
167 617
167 625
167 635
167 660
167 672
167 679
167 684
167 694
167 704
167 710
167 722
167 728
167 738
167 744
167 763
167 782
167 790
167 794
167 820
167 834
167 843
167 865
167 873
167 890
167 901
167 907
167 911
167 921
167 947
167 960
167 969
167 980
167 990
186 978
186 982
195 452
195 565
195 579
195 591
195 619
195 627
195 646
195 664
195 677
195 693
195 697
195 724
195 728
195 738
195 764
195 768
195 784
195 792
195 802
195 817
195 839
195 853
195 882
195 885
195 893
195 903
195 911
195 929
195 934
195 953
195 966
195 972
195 990
218 675
218 695
218 712
218 762
218 791
218 801
218 816
218 830
218 842
218 844
218 853
218 867
218 870
218 881
218 899
218 905
218 921
218 936
218 942
218 995
226 697
226 833
226 838
226 846
226 878
226 880
226 885
226 896
226 900
226 909
226 920
226 932
226 953
226 959
226 975
226 986
239 901
239 909
239 911
239 933
239 947
239 961
239 970
239 977
239 994
259 986
259 994
268 894
268 904
268 907
268 930
268 954
268 957
268 961
268 964
268 968
268 994
305 807
305 908
305 924
305 984
305 991
316 870
316 904
316 913
316 926
316 933
316 945
316 961
316 981
316 986
360 724
360 726
360 731
360 735
360 781
360 783
360 796
360 828
360 845
360 858
360 882
360 892
360 914
360 917
360 960
360 980
406 45
406 51
406 553
406 697
406 808
406 838
406 866
406 896
406 909
406 931
406 957
406 969
406 984
406 995
439 166
439 266
439 296
439 338
439 361
439 368
439 397
439 509
439 585
439 603
439 611
439 623
439 648
439 653
439 666
439 673
439 701
439 739
439 743
439 747
439 781
439 793
439 804
439 819
439 835
439 844
439 886
439 903
439 919
439 951
439 961
439 973
439 984
439 999
446 51
446 261
446 699
446 738
446 744
446 779
446 790
446 804
446 810
446 873
446 886
446 901
446 920
446 929
446 995
485 378
485 578
485 706
489 3
550 272
550 540
550 665
550 706
550 723
608 3
608 45
608 65
608 158
608 311
608 314
608 323
608 332
608 336
608 347
608 405
608 414
608 424
608 454
608 490
608 499
608 514
608 516
608 527
608 559
608 568
608 571
608 598
608 603
608 635
608 662
608 685
608 713
608 738
608 774
608 792
608 811
608 824
608 834
608 881
608 951
608 964
608 987
609 594
609 763
609 843
613 3
613 51
613 487
613 489
613 691
613 748
613 787
613 858
613 888
613 904
613 954
613 968
613 985
619 401
619 665
619 707
619 729
619 752
619 783
619 836
619 844
619 894
619 907
619 937
619 958
619 975
621 3
621 51
621 96
621 116
621 128
621 136
621 140
621 154
621 248
621 375
621 402
621 485
621 540
621 563
621 577
621 605
621 606
621 623
621 795
621 809
621 815
621 826
621 845
621 888
621 960
634 3
634 126
634 357
634 513
634 526
634 575
634 630
634 647
634 711
634 744
634 761
634 863
634 872
634 883
634 942
658 3
658 53
658 100
658 184
658 279
658 402
658 424
658 518
658 563
658 577
658 591
658 628
658 691
658 717
658 746
658 776
658 781
658 819
658 824
658 854
658 878
658 891
658 923
658 958
658 967
658 978
681 3
681 57
681 62
681 82
681 104
681 113
681 146
681 166
681 192
681 228
681 374
681 539
681 623
681 686
681 705
681 741
681 747
681 878
681 910
681 964
681 980
681 996
690 325
690 375
690 629
690 783
690 821
690 885
690 928
690 963
690 969
690 977
690 995
700 375
700 466
700 594
700 667
751 3
751 65
751 137
751 435
751 540
757 332
757 361
757 363
757 401
757 513
757 566
757 689
757 697
757 798
757 861
757 868
757 903
759 3
759 113
759 261
759 279
759 338
759 370
759 618
759 665
771 3
771 667
784 338
784 375
784 637
784 843
784 936
784 998
799 3
799 65
799 82
799 85
799 101
799 177
799 192
799 220
799 325
799 330
799 355
799 409
799 435
799 528
799 550
799 587
799 605
799 612
799 683
799 719
799 724
799 733
799 746
799 750
799 796
799 821
799 832
799 855
799 903
799 943
799 969
799 977
808 100
808 126
808 137
808 189
808 250
808 303
808 409
808 424
808 466
808 508
808 532
808 534
808 620
808 628
808 697
808 929
808 955
808 974
812 3
812 9
812 13
812 20
812 80
812 82
812 93
812 119
812 140
812 166
812 175
812 220
812 223
812 243
812 303
812 332
812 366
812 389
812 393
812 435
812 471
812 585
812 616
812 700
812 703
812 887
812 929
824 47
824 132
824 136
824 141
824 143
824 146
824 164
824 165
824 200
824 241
824 244
824 261
824 336
824 465
824 560
824 598
824 605
824 643
824 646
824 667
824 669
824 684
824 752
824 758
824 784
824 834
824 841
824 874
824 895
824 914
824 972
824 978
831 3
831 337
831 400
831 476
831 480
831 544
831 602
832 35
832 54
832 62
832 71
832 637
868 3
868 256
868 272
868 332
868 414
868 509
868 540
879 42
879 87
879 104
879 202
879 276
879 296
879 366
879 381
879 474
879 477
879 506
879 577
879 580
879 605
879 646
879 655
879 706
879 862
879 874
879 880
879 934
879 953
879 972
903 370
906 3
906 156
906 219
906 280
906 288
906 387
906 392
906 398
906 531
906 577
906 618
906 636
906 771
906 777
906 860
926 3
926 93
926 110
926 200
926 256
926 288
926 296
926 356
926 370
926 378
926 449
926 577
926 618
926 748
926 802
926 963
926 972
927 33
927 96
927 100
927 112
927 122
927 137
927 146
927 171
927 184
927 217
927 228
927 241
927 246
927 264
927 270
927 286
927 329
927 366
927 368
927 435
927 438
927 471
927 481
927 675
927 679
927 689
927 801
927 853
927 933
935 3
935 30
935 140
935 177
935 260
935 261
935 594
935 665
935 860
935 872
935 890
935 924
935 960
982 48
982 113
982 127
982 136
982 250
982 256
982 309
982 310
982 328
982 347
982 402
982 405
982 449
982 455
982 480
982 684
982 688
982 755
982 845
982 868
982 943
982 962
982 984
238 792
238 797
238 807
238 818
238 842
238 847
238 873
238 902
238 911
238 932
238 938
238 941
238 952
238 954
238 968
238 982
238 997
281 397
281 637
281 658
281 694
281 739
281 753
281 760
281 768
281 779
281 789
281 809
281 812
281 824
281 830
281 852
281 858
281 863
281 936
281 978
281 998
334 540
362 612
362 618
362 768
362 803
362 837
362 851
362 881
362 898
362 906
362 918
362 937
362 945
362 987
362 995
394 964
394 975
415 51
421 992
443 325
443 361
443 374
443 432
443 526
443 557
443 577
443 585
443 861
443 881
443 895
443 930
443 940
443 957
443 967
443 978
447 435
574 65
574 288
574 304
574 361
574 398
574 458
574 476
574 485
574 506
574 508
574 522
574 544
574 551
574 560
574 563
574 673
574 708
574 734
574 749
574 839
574 858
574 888
574 944
574 998
687 45
687 65
687 244
687 276
687 303
687 361
687 401
687 428
687 497
687 526
687 577
712 126
712 349
712 494
712 570
731 220
731 288
731 357
731 570
731 577
731 578
731 667
731 861
731 888
756 98
756 124
756 147
756 594
756 917
779 261
779 303
779 332
779 423
779 487
779 902
779 954
779 979
801 20
801 33
801 161
801 556
801 629
801 652
801 659
801 878
801 925
810 101
810 200
810 228
810 293
810 319
810 342
810 480
810 523
810 539
810 545
810 641
810 646
810 692
810 731
810 756
810 807
810 858
810 909
813 45
813 126
813 147
813 153
813 192
813 233
813 260
813 261
813 283
813 329
813 419
813 458
813 579
813 628
813 712
813 820
813 839
813 868
813 903
813 979
838 47
838 113
838 116
838 147
838 151
838 296
838 303
838 374
838 431
838 435
838 545
838 577
838 598
838 606
838 624
838 710
838 718
838 777
838 837
838 847
838 893
838 925
838 976
869 124
869 128
869 140
869 166
869 189
869 206
869 219
869 220
869 329
869 378
869 389
869 420
869 424
869 425
869 438
869 513
869 542
869 591
869 646
869 718
869 810
869 893
869 923
869 993
880 20
880 51
880 101
880 108
880 113
880 173
880 220
880 254
880 279
880 334
880 387
880 445
880 449
880 454
880 480
880 487
880 535
880 607
880 718
880 789
880 815
880 829
880 873
880 938
880 952
880 974
889 37
889 303
913 45
913 140
913 170
913 189
913 192
913 194
913 200
913 309
913 327
913 411
913 427
913 431
913 454
913 461
913 483
913 502
913 558
913 667
913 669
913 713
913 784
913 787
913 793
913 796
913 799
913 817
913 820
913 826
913 838
913 862
913 863
913 895
913 938
913 948
913 970
913 979
975 99
975 104
975 141
975 166
975 184
975 209
975 219
975 241
975 271
975 282
975 319
975 327
975 409
975 485
975 534
975 574
975 624
975 742
975 792
975 815
975 829
975 893
975 972
975 976
985 147
985 213
985 215
985 232
985 236
985 257
985 270
985 272
985 387
985 423
985 479
985 486
985 526
985 545
985 565
985 581
985 591
985 598
985 641
985 664
985 669
985 681
985 703
985 727
985 742
985 746
985 773
985 788
985 871
985 899
985 927
985 936
985 942
351 357
351 474
351 620
351 637
351 829
351 845
351 861
351 870
351 896
351 932
351 939
351 961
351 968
351 973
351 982
396 357
396 509
396 557
396 606
396 660
396 669
396 673
396 685
396 695
396 729
396 748
396 758
396 783
396 792
396 812
396 832
396 861
396 877
396 901
396 912
396 955
409 873
410 706
433 45
433 65
433 108
433 110
433 126
433 158
433 161
433 184
433 228
433 293
433 357
433 375
433 477
433 480
433 497
433 531
433 556
433 613
433 622
433 630
433 653
433 658
433 675
433 684
433 699
433 705
433 745
433 752
433 788
433 801
433 869
433 900
433 912
433 950
457 771
457 870
457 888
457 992
530 347
530 378
530 390
530 526
530 785
547 166
584 184
584 293
584 303
584 349
584 366
584 381
584 397
584 405
584 438
584 489
584 534
584 539
584 628
584 746
584 783
584 791
584 823
584 846
584 857
584 878
584 886
584 897
584 935
584 938
584 952
584 971
596 53
596 79
596 113
596 243
596 272
596 352
596 353
596 425
596 444
596 445
596 457
596 461
596 468
596 478
596 482
596 495
596 503
596 514
596 535
596 581
596 612
596 631
596 649
596 664
596 673
596 698
596 704
596 712
596 736
596 769
596 793
596 831
596 838
596 873
596 884
596 895
596 908
596 931
596 943
622 137
622 161
622 200
622 370
632 474
632 507
632 591
632 620
632 652
632 785
637 45
637 137
662 361
662 494
662 540
662 663
662 712
662 722
662 798
662 845
662 883
662 910
662 990
663 47
663 68
663 100
663 108
663 122
663 146
663 153
663 217
663 228
663 261
663 357
663 618
663 695
680 293
680 368
680 378
680 415
680 540
680 612
680 665
680 737
680 827
680 868
680 893
680 900
680 958
680 976
693 65
693 243
693 288
693 290
693 303
693 461
693 556
693 571
693 578
693 659
693 661
693 698
693 717
693 742
693 801
693 830
693 842
693 849
693 877
693 912
693 929
693 962
693 974
701 261
701 288
701 296
701 357
701 361
701 370
701 486
701 531
701 703
701 747
701 807
701 861
701 878
701 889
701 919
705 223
705 261
705 293
705 366
705 378
705 691
705 777
705 839
721 119
721 136
721 159
721 220
721 337
721 349
721 375
721 380
721 397
721 405
721 466
721 577
721 609
721 722
721 807
721 835
721 873
721 993
723 47
723 53
723 71
723 85
723 161
723 266
777 53
777 397
777 540
777 843
805 37
805 62
805 101
805 402
805 419
805 535
805 540
805 563
805 607
805 611
805 633
805 670
805 726
805 763
805 786
805 800
805 842
805 974
819 20
819 80
819 99
819 124
819 126
819 137
819 147
819 153
819 154
819 166
819 184
819 215
819 217
819 251
819 338
819 344
819 357
819 375
819 400
819 504
819 550
819 593
819 611
819 654
819 660
819 664
819 726
819 737
819 741
819 763
819 811
819 821
819 862
819 902
819 912
819 937
819 942
821 293
821 612
821 629
821 857
852 35
852 53
852 101
852 108
852 547
852 556
852 566
852 605
852 641
852 674
852 680
852 701
852 713
852 765
852 773
852 780
852 811
852 830
852 853
852 871
852 898
852 913
852 955
852 998
891 51
891 286
891 288
891 374
891 375
891 435
891 633
891 646
891 648
891 827
891 833
891 842
891 938
891 952
891 966
900 13
900 33
900 68
900 92
900 93
900 126
900 192
900 241
900 328
900 347
900 380
900 432
900 437
900 449
900 508
900 536
900 652
900 692
900 695
900 712
900 741
900 889
900 893
917 42
917 113
917 147
917 276
917 304
917 398
917 400
917 423
917 509
917 556
917 578
917 652
931 20
931 127
931 128
931 132
931 140
931 147
931 184
931 283
931 353
931 419
931 667
931 691
932 90
932 92
932 99
932 100
932 101
932 112
932 113
932 141
932 156
932 161
932 173
932 189
932 244
932 276
932 277
932 280
932 293
932 327
932 358
932 455
932 504
932 509
932 510
932 514
932 516
932 525
932 551
932 565
932 588
932 652
932 655
932 705
932 733
932 740
932 831
932 832
932 901
932 916
932 925
932 935
932 943
932 954
954 100
954 110
954 112
954 113
954 127
954 173
954 378
954 437
965 38
965 68
965 87
965 94
965 111
965 113
965 156
965 177
965 215
965 260
965 304
965 339
965 344
965 381
965 387
965 405
965 411
965 427
965 466
965 475
965 483
965 539
965 612
965 649
965 676
965 680
965 706
965 711
965 778
965 804
965 871
965 880
965 954
965 956
965 976
231 968
231 971
231 977
297 665
297 925
297 933
297 947
297 955
297 976
297 996
388 402
462 378
462 435
462 452
462 578
462 659
462 798
462 861
465 397
465 540
465 612
465 771
496 424
496 477
496 575
496 587
496 599
496 605
496 616
496 641
496 655
496 730
496 734
496 744
496 755
496 767
496 784
496 799
496 832
496 838
496 866
496 880
496 903
496 910
496 998
525 80
525 100
525 146
525 272
525 368
525 370
525 570
525 602
525 623
525 685
525 731
525 754
525 782
525 796
525 808
525 813
525 823
525 873
525 911
525 914
525 920
525 960
525 995
565 137
565 361
565 366
565 375
565 401
565 474
565 620
568 47
568 62
568 137
568 260
568 667
606 51
614 65
614 158
614 256
614 296
614 325
614 368
614 508
614 556
614 860
614 888
616 338
616 452
616 659
616 807
645 649
657 137
657 147
657 151
657 153
657 170
657 223
657 266
657 280
657 288
657 290
657 432
657 461
657 466
657 513
657 550
657 598
657 633
657 764
657 779
657 792
657 800
657 822
657 836
657 892
657 908
657 944
657 975
661 45
661 51
661 137
661 140
661 147
661 151
661 184
661 189
661 272
661 282
661 293
661 303
661 327
661 401
661 481
661 547
661 565
661 569
661 584
661 611
661 683
661 700
661 718
661 737
661 767
661 828
661 841
661 868
661 893
661 919
661 928
661 936
661 987
669 45
669 53
669 243
669 266
669 380
669 423
669 431
669 517
669 541
669 565
669 591
669 639
669 645
669 659
669 685
669 724
669 737
669 756
669 772
669 810
669 833
669 842
669 849
669 870
669 895
669 901
669 939
669 977
686 85
686 158
686 587
708 51
708 71
708 857
785 166
785 260
785 293
787 79
787 89
787 104
787 147
787 213
787 219
787 279
787 282
787 310
787 405
787 442
787 477
787 675
787 752
787 759
787 790
787 843
843 30
843 54
843 60
843 89
843 98
843 108
843 361
843 368
864 92
864 101
864 126
864 261
864 509
864 539
864 611
864 652
864 663
864 664
864 673
864 694
864 723
864 751
864 754
864 772
864 777
864 787
864 797
864 854
864 856
864 887
885 100
885 153
885 192
885 228
885 280
885 340
885 387
885 401
885 414
885 449
885 591
885 705
885 718
885 742
885 756
885 791
916 13
916 37
916 141
916 146
916 173
916 190
916 208
916 223
916 228
916 256
916 296
916 332
916 347
916 388
916 408
916 411
916 428
916 432
916 519
916 520
916 539
916 542
916 566
916 638
916 767
916 769
916 780
916 798
916 843
916 925
916 933
916 945
955 158
955 370
955 390
955 410
955 415
955 425
955 432
955 445
955 497
955 507
955 510
955 531
955 582
955 636
955 692
955 743
955 744
955 750
955 792
955 813
955 840
955 865
955 872
955 886
955 911
955 996
969 9
969 67
969 82
969 110
969 116
969 136
969 138
969 147
969 151
969 158
969 175
969 209
969 251
969 320
969 352
969 425
969 438
969 487
969 498
969 504
969 544
969 568
969 678
969 718
969 745
969 748
969 779
969 786
969 805
969 812
969 992
980 27
980 53
980 70
980 111
980 116
980 126
980 147
980 153
980 194
980 202
980 206
980 209
980 215
980 290
980 380
980 415
980 432
980 471
980 563
980 618
980 665
980 873
980 874
453 47
453 146
453 256
453 357
453 392
453 400
453 432
453 455
453 483
453 490
453 499
453 513
453 516
453 519
453 546
453 560
453 564
453 611
453 633
453 669
453 680
453 693
453 713
453 733
453 749
453 770
453 779
453 786
453 817
453 850
453 859
453 874
453 903
453 918
453 941
453 977
453 995
472 161
472 437
472 509
472 578
472 594
472 860
472 903
472 909
472 925
472 979
472 991
503 293
503 402
503 807
503 987
503 997
541 637
611 137
611 209
611 213
611 215
611 244
611 272
611 280
611 290
611 328
611 431
611 432
611 637
611 933
631 256
631 279
631 370
631 594
631 618
631 652
631 706
631 831
631 883
649 476
714 207
714 296
714 325
714 378
714 381
714 438
714 476
714 481
714 489
714 556
714 590
714 616
714 622
714 637
714 685
714 719
714 734
714 757
714 782
714 798
714 886
714 902
714 951
718 65
718 126
718 146
718 310
729 20
729 137
729 415
729 618
729 873
729 899
729 951
729 961
729 974
775 128
775 158
775 173
775 192
775 194
775 228
775 370
775 556
775 575
778 137
778 220
778 228
778 389
778 400
778 571
778 614
778 675
778 681
778 694
778 726
778 755
778 800
778 837
778 909
778 928
778 961
778 990
780 140
780 161
780 431
780 495
780 508
780 542
780 570
780 635
780 667
780 706
780 711
780 727
780 790
780 844
780 869
780 899
780 929
780 964
789 51
789 202
789 219
789 290
789 671
790 33
790 126
790 137
790 261
790 649
790 802
790 860
811 51
811 361
811 414
811 427
811 431
811 438
811 445
811 461
811 509
811 573
811 798
811 805
811 847
811 888
811 930
817 370
817 374
817 474
817 822
817 922
839 219
839 636
839 857
853 20
853 57
853 87
853 94
853 119
853 207
853 213
853 215
853 250
853 276
853 378
853 637
853 800
853 883
853 910
853 979
870 45
870 161
870 276
870 337
870 349
870 357
870 507
870 594
870 606
894 8
894 110
894 137
894 156
894 177
894 192
894 213
894 637
894 686
894 694
894 718
894 757
894 762
894 770
894 776
894 899
894 963
901 100
901 119
901 153
901 159
901 208
901 261
901 264
901 338
901 352
901 361
901 393
901 409
901 455
901 507
901 587
901 615
901 665
901 783
901 797
901 933
901 980
908 80
908 137
908 437
908 612
908 822
921 51
921 132
921 170
921 250
921 347
921 568
921 790
921 870
921 874
921 908
921 959
950 30
950 108
950 126
950 137
950 156
950 200
950 228
950 246
950 260
950 271
950 280
950 304
950 310
950 327
950 338
950 384
950 397
950 411
950 427
950 435
950 477
950 498
950 514
950 520
950 524
950 526
950 607
950 648
950 649
950 663
950 964
990 13
990 20
990 53
990 100
990 146
990 154
990 159
990 246
990 366
990 370
990 400
990 442
990 541
990 573
990 777
990 874
990 910
252 723
252 802
252 838
252 847
252 852
252 871
252 876
252 902
252 906
252 912
252 940
252 953
252 972
252 996
502 357
502 575
520 266
543 47
543 108
543 113
543 116
543 119
543 124
543 140
543 177
543 184
543 215
543 228
543 246
543 250
543 251
543 288
543 293
543 303
543 332
543 449
543 452
543 474
543 632
543 670
543 691
543 699
543 728
543 748
543 802
543 832
543 842
543 852
543 866
543 939
581 161
581 243
581 363
581 375
581 400
581 435
581 461
581 526
581 802
581 827
581 854
581 911
638 47
638 284
638 338
638 368
638 868
638 917
638 950
638 963
684 303
684 357
684 380
684 397
684 575
684 667
684 845
684 903
684 943
698 140
698 158
698 194
698 209
698 260
698 272
698 380
698 381
698 449
698 542
698 557
698 678
698 686
698 899
698 990
724 51
724 137
724 223
724 272
724 279
724 659
758 30
758 99
758 100
758 219
758 356
758 375
758 390
758 393
758 409
758 498
758 509
758 531
758 535
758 581
758 589
758 624
758 651
758 680
758 684
758 694
758 733
758 749
758 778
758 817
758 819
758 832
758 856
758 880
758 901
758 923
758 941
758 967
823 80
823 140
823 192
823 327
823 401
823 414
823 555
823 566
823 771
823 817
823 856
823 864
823 875
823 887
823 915
823 962
830 45
830 140
830 147
830 217
830 264
830 270
830 272
830 284
830 296
830 303
830 449
830 524
830 535
830 655
830 686
830 695
830 741
830 826
850 47
850 140
850 156
850 177
850 217
850 223
850 233
850 284
850 328
850 378
850 517
850 573
850 759
850 797
850 888
881 37
881 45
881 65
881 177
881 199
881 264
881 280
881 425
881 502
881 518
881 536
881 566
881 570
881 571
881 593
881 620
881 742
881 751
881 782
881 811
881 859
881 948
881 957
881 973
881 991
912 79
912 82
912 100
912 158
912 219
912 329
912 375
912 428
912 490
912 541
912 557
912 605
912 654
912 670
912 686
912 800
912 939
912 996
947 60
947 70
947 137
947 153
947 166
947 223
947 276
947 282
947 284
947 629
947 962
986 28
986 38
986 94
986 119
986 140
986 166
986 184
986 228
986 296
986 517
986 535
986 556
986 560
986 612
986 734
379 474
379 637
379 738
379 759
379 800
379 917
379 956
379 967
379 988
379 996
427 272
427 366
427 771
591 100
591 659
591 857
639 706
694 85
694 126
694 140
694 147
694 175
694 192
694 202
694 215
694 283
694 397
694 431
694 474
694 487
694 509
694 531
694 550
694 587
694 630
694 664
694 665
694 790
694 835
694 874
694 909
737 65
737 361
737 540
737 665
737 667
737 763
743 202
743 260
743 337
743 402
743 476
743 802
743 971
743 976
747 28
747 52
747 54
747 87
747 92
747 94
747 100
747 128
747 189
747 209
747 241
747 248
747 286
747 299
747 368
747 381
747 414
747 466
747 623
747 712
747 722
747 786
747 868
747 873
753 85
753 260
753 261
753 266
753 373
753 410
753 419
753 431
753 485
753 585
753 587
753 594
753 628
753 677
753 707
753 718
753 772
753 807
753 825
753 851
753 872
753 910
753 946
753 977
809 65
809 223
809 243
809 314
809 349
809 392
809 402
809 449
809 489
809 494
809 535
809 553
809 573
809 674
809 748
809 782
809 810
809 832
809 858
809 874
809 961
809 976
816 173
816 177
816 184
816 199
816 202
816 215
816 264
816 390
816 397
816 421
816 442
816 470
816 490
816 497
816 537
816 544
816 556
816 567
816 568
816 606
816 609
816 643
816 715
816 733
816 840
816 847
816 922
816 953
943 9
943 98
943 99
943 207
943 243
943 304
943 409
943 466
943 539
943 542
943 594
943 622
943 637
943 641
943 703
943 845
943 853
943 874
943 875
943 954
957 28
957 101
957 206
957 209
957 244
957 290
957 311
957 389
957 409
957 495
957 498
957 500
957 502
957 518
957 530
957 588
957 609
957 662
957 714
957 817
957 832
957 907
957 942
957 998
978 28
978 80
978 85
978 93
978 100
978 108
978 127
978 158
978 213
978 236
978 266
978 270
978 344
978 414
978 447
978 477
978 705
978 726
978 819
978 838
978 847
978 864
978 886
978 933
978 967
978 979
978 996
377 375
377 401
377 649
377 706
377 857
377 921
377 935
377 997
412 223
412 290
412 374
412 431
412 473
412 477
412 541
412 564
412 630
412 642
412 651
412 669
412 682
412 692
412 706
412 741
412 762
412 779
412 803
412 829
412 842
412 846
412 850
412 854
412 912
412 934
412 973
539 357
564 659
564 843
564 867
615 45
615 303
615 363
615 400
615 599
615 798
633 272
633 570
633 697
633 762
633 807
633 861
633 903
633 944
676 161
676 166
676 279
676 665
676 751
676 800
676 874
676 947
715 223
715 244
715 374
715 474
715 761
715 867
715 951
735 33
735 161
735 276
735 283
735 296
735 310
735 374
735 378
735 414
735 486
735 489
735 517
735 620
735 737
735 752
735 859
765 35
765 45
765 60
765 119
765 293
765 323
765 339
765 344
765 560
765 602
765 612
765 774
765 787
765 818
765 844
765 856
765 871
765 943
765 969
765 998
786 113
786 184
786 585
786 716
786 762
786 822
803 53
803 54
803 79
803 93
803 110
803 122
803 128
803 158
803 199
803 200
803 207
803 476
803 540
803 568
803 776
803 860
803 933
822 53
822 332
822 380
822 594
833 93
833 101
833 156
833 184
833 199
833 248
833 270
833 272
833 288
833 328
833 329
833 332
833 388
833 494
833 506
833 629
833 681
833 743
833 745
833 776
833 785
833 797
833 860
833 894
833 919
833 947
833 957
833 976
833 990
886 62
886 89
886 158
886 161
886 194
886 215
886 223
886 277
886 284
886 290
886 310
886 314
886 356
886 370
886 410
886 442
886 490
886 531
886 759
886 807
886 822
886 860
886 945
904 20
904 30
904 137
904 158
904 283
904 288
904 374
904 435
904 450
904 502
904 526
904 540
904 570
904 602
904 757
904 999
958 71
958 79
958 98
958 112
958 132
958 147
958 159
958 177
958 184
958 220
958 309
958 363
958 419
958 474
958 489
958 507
958 547
958 566
958 628
958 630
958 688
958 689
958 703
958 738
958 741
958 767
958 797
958 853
958 858
958 980
989 29
989 68
989 93
989 101
989 147
989 158
989 220
989 311
989 326
989 341
989 417
989 431
989 435
989 445
989 553
989 580
989 587
989 590
989 606
989 643
989 705
989 725
989 796
989 814
989 818
989 820
989 838
989 902
989 952
989 967
348 370
348 401
348 805
348 858
348 872
348 959
348 975
386 402
386 723
386 945
392 266
392 540
533 260
533 659
533 675
533 716
533 835
533 843
533 883
533 923
533 931
745 357
745 375
745 432
745 526
745 553
745 609
745 652
745 798
745 807
745 886
761 35
761 68
761 101
761 146
761 402
761 508
761 933
773 68
773 79
773 93
773 116
773 215
773 266
773 276
773 283
773 329
773 526
773 544
773 602
773 607
773 655
773 705
773 744
773 747
773 845
773 856
773 908
773 945
773 987
773 998
794 126
794 137
794 161
794 199
794 223
794 280
794 304
794 319
794 336
794 352
794 497
794 594
794 606
794 641
794 646
794 653
794 665
794 721
794 736
794 766
794 784
794 793
794 813
794 862
794 890
794 900
794 919
794 979
815 20
815 35
815 71
815 100
815 786
815 844
815 892
846 42
846 66
846 71
846 82
846 112
846 251
846 276
846 285
846 327
846 353
846 401
846 409
846 427
846 438
846 534
846 566
846 738
846 784
846 893
846 909
846 931
846 958
846 980
875 20
875 161
875 361
875 392
875 431
875 449
875 508
875 557
875 908
930 79
930 108
930 116
930 151
930 177
930 232
930 296
930 299
930 327
930 363
930 364
930 381
930 384
930 425
930 450
930 476
930 507
930 680
930 724
930 759
930 899
930 954
930 971
934 87
934 108
934 122
934 126
934 153
934 170
934 173
934 194
934 219
934 223
934 233
934 256
934 321
934 402
934 431
934 485
934 508
934 509
934 553
934 602
934 639
934 661
934 687
934 761
934 798
934 826
934 848
934 855
934 878
934 902
934 937
934 950
934 968
464 585
464 917
464 943
464 976
464 989
599 361
599 402
640 53
640 71
640 159
640 166
640 217
640 256
640 266
640 288
640 293
640 480
640 582
640 622
640 632
640 634
640 636
640 653
640 679
640 700
640 730
640 745
640 768
640 793
640 814
640 831
640 844
640 856
640 911
640 952
640 982
640 996
673 126
673 213
673 261
673 387
673 393
673 398
673 424
673 460
673 540
673 587
673 722
673 776
673 831
673 843
828 35
828 93
828 153
828 173
828 184
828 202
828 243
828 288
828 304
828 366
828 368
828 393
828 435
828 509
828 510
828 562
828 603
828 609
828 631
828 635
828 699
828 718
828 742
828 789
828 839
828 853
828 906
828 942
828 963
828 999
925 126
925 140
925 147
925 223
925 357
925 428
925 659
925 685
925 822
925 903
977 260
977 261
977 276
977 361
977 397
977 474
977 520
977 529
977 560
977 566
977 585
977 607
977 628
977 670
977 673
977 679
977 685
977 727
977 745
977 764
977 765
977 804
977 822
977 834
977 883
977 961
444 539
444 888
444 974
468 261
468 279
468 585
468 723
468 903
468 951
468 954
468 975
468 994
617 93
617 108
617 126
617 140
617 200
617 206
617 266
617 272
617 282
617 299
617 355
617 393
617 397
617 423
617 450
617 549
617 569
617 584
617 612
617 622
617 628
617 658
617 669
617 678
617 708
617 716
617 747
617 760
617 776
617 795
617 805
617 813
617 834
617 848
617 896
617 942
617 983
691 100
691 137
691 161
691 402
739 45
739 119
739 140
739 184
739 223
739 228
739 708
739 757
739 767
739 812
739 835
739 874
739 878
739 886
739 910
739 925
739 991
882 550
882 626
882 637
882 638
882 667
882 701
882 762
882 781
882 794
882 809
882 825
882 832
882 843
882 861
882 875
882 897
882 929
882 975
882 996
911 62
911 119
911 126
911 147
911 157
911 217
911 220
911 223
911 243
911 248
911 276
911 277
911 283
911 320
911 336
911 340
911 373
911 390
911 414
911 452
911 489
911 591
911 599
911 620
911 832
993 108
993 113
993 279
993 402
993 449
993 486
993 508
993 534
993 540
993 577
993 611
993 623
993 654
993 723
993 735
993 748
993 906
510 276
510 279
510 338
510 374
510 390
510 563
510 570
510 763
510 832
510 839
510 860
510 917
651 256
651 261
651 390
651 402
651 442
651 477
651 606
651 697
651 822
651 909
651 953
719 79
719 132
719 166
719 228
719 304
719 480
719 547
719 620
719 665
719 861
719 886
871 51
871 71
871 228
871 304
871 363
871 381
871 398
871 733
871 876
871 915
871 939
871 943
871 981
871 990
928 190
928 215
928 349
928 405
928 445
928 449
928 462
928 487
928 506
928 542
928 544
928 570
928 623
928 637
928 646
928 755
928 771
928 883
928 954
928 993
995 38
995 60
995 79
995 89
995 98
995 137
995 175
995 192
995 215
995 243
995 283
995 286
995 299
995 356
995 392
995 481
995 513
995 612
995 639
995 649
995 692
995 699
995 724
995 733
995 762
995 776
995 909
995 996
350 578
350 777
350 821
350 832
350 844
350 858
350 873
350 888
350 922
350 964
350 978
350 990
512 51
512 256
512 293
512 587
512 664
512 762
512 777
512 869
512 889
512 958
512 977
512 991
515 553
515 854
515 960
559 51
559 357
559 466
559 570
559 612
559 636
559 692
559 711
559 723
559 771
559 777
704 85
704 166
704 276
704 283
704 284
704 374
704 389
704 435
704 474
704 606
704 636
704 649
704 767
704 804
704 843
704 853
704 880
704 927
704 960
704 968
711 53
711 65
711 100
711 256
711 290
711 296
711 370
711 400
711 437
711 438
711 477
711 508
711 627
711 763
748 691
748 807
748 951
907 116
907 122
907 177
907 206
907 282
907 368
907 420
907 450
907 465
907 510
907 513
907 622
907 623
907 664
907 679
907 698
907 699
907 716
907 775
907 820
907 873
907 877
907 909
907 936
907 959
907 991
907 999
915 54
915 94
915 128
915 137
915 154
915 194
915 279
915 405
915 437
915 481
915 498
915 528
915 530
915 536
915 673
915 714
915 740
915 853
915 885
915 924
915 974
945 85
945 87
945 92
945 104
945 119
945 146
945 159
945 177
945 240
945 272
945 323
945 340
945 349
945 381
945 387
945 388
945 405
945 480
945 508
945 606
945 854
946 38
946 53
946 57
946 66
946 108
946 122
946 126
946 127
946 128
946 138
946 158
946 161
946 228
946 232
946 250
946 257
946 286
946 330
946 347
946 366
946 389
946 437
946 438
946 497
946 557
946 582
946 599
946 627
946 683
946 739
946 754
946 818
946 855
946 890
946 937
946 959
946 991
981 100
981 101
981 272
981 293
981 353
981 357
981 375
981 390
981 508
981 542
981 579
981 605
981 612
981 614
981 620
981 641
981 645
981 670
981 763
981 777
981 785
981 916
981 931
981 946
991 113
991 282
991 293
991 339
991 349
991 398
991 437
991 561
991 594
991 722
991 727
991 826
991 839
991 850
991 876
991 969
697 137
717 53
717 54
717 108
717 110
717 147
717 170
717 173
717 261
717 332
717 338
717 557
717 645
717 659
717 847
717 858
856 47
856 161
856 219
856 266
856 280
856 285
856 304
856 374
856 474
856 577
856 599
856 609
856 682
856 705
856 771
856 798
856 910
895 42
895 53
895 67
895 100
895 104
895 113
895 124
895 128
895 158
895 276
895 366
895 368
895 531
895 563
895 652
895 711
895 733
895 737
895 792
895 855
895 868
895 874
895 890
895 893
895 916
750 282
750 378
750 476
750 556
750 577
750 735
750 742
750 756
750 785
750 798
750 812
750 900
750 926
750 962
750 983
929 33
929 266
929 695
929 706
929 711
929 737
929 964
746 366
746 570
746 752
746 890
746 921
746 938
746 954
746 998
872 80
872 110
872 126
872 177
872 243
872 246
872 353
872 387
872 428
872 461
872 560
872 568
872 602
872 612
872 639
872 730
872 747
872 752
872 896
872 929
872 969
976 62
976 137
976 173
976 342
976 352
976 370
976 374
976 410
976 497
976 513
976 553
976 711
976 835
976 903
976 911
976 962
532 153
532 166
532 246
532 288
532 296
532 357
532 374
532 629
692 310
692 338
692 368
692 637
692 798
804 46
804 108
804 112
804 113
804 116
804 124
804 127
804 151
804 219
804 276
804 283
804 347
804 352
804 370
804 410
804 428
804 455
804 480
804 599
804 675
804 738
804 751
804 783
804 847
804 878
804 896
804 945
804 964
933 303
933 347
933 375
933 587
933 771
506 71
506 361
506 575
506 873
668 71
668 158
668 161
668 272
668 381
668 539
668 568
668 599
668 612
668 674
668 749
668 771
668 779
668 798
668 807
668 857
668 887
668 974
668 978
668 983
668 999
709 137
709 158
709 223
709 228
709 435
709 575
709 663
709 675
709 755
709 789
709 887
709 915
709 976
818 140
818 161
818 173
818 175
818 208
818 279
818 284
818 296
818 337
818 356
818 422
818 444
818 454
818 552
818 557
818 558
818 569
818 570
818 599
818 623
818 633
818 635
818 691
818 739
818 742
818 749
818 788
818 837
818 886
818 928
818 992
877 138
877 146
877 200
877 210
877 217
877 228
877 300
877 314
877 327
877 335
877 344
877 395
877 422
877 440
877 476
877 485
877 500
877 578
877 616
877 656
877 676
877 695
877 707
877 727
877 735
877 757
877 763
877 878
877 933
877 947
962 20
962 127
962 206
962 286
962 288
962 323
962 363
962 380
962 452
962 605
962 671
962 674
962 685
962 731
962 979
376 266
376 575
376 578
376 751
376 798
376 802
376 911
376 923
376 935
376 950
376 963
376 978
376 984
482 390
482 466
482 481
482 494
482 507
482 575
482 612
482 665
482 870
482 910
482 939
482 945
482 951
727 27
727 207
727 288
727 390
727 423
727 431
727 587
727 645
727 711
727 761
727 835
727 867
727 990
727 995
861 57
861 100
861 101
861 112
861 147
861 166
861 256
861 303
861 339
861 349
861 392
861 414
861 432
861 435
861 476
861 477
861 509
861 706
861 723
938 177
938 202
938 207
938 282
938 432
938 489
938 563
938 599
938 686
938 806
938 910
938 947
655 192
655 219
655 293
655 378
655 452
655 577
655 636
655 888
655 933
914 68
914 126
914 132
914 151
914 159
914 161
914 166
914 206
914 264
914 293
914 311
914 381
914 458
914 471
914 509
914 524
914 598
914 606
914 609
914 678
914 771
914 792
456 556
456 665
456 782
456 819
456 844
456 859
456 870
456 886
456 901
456 918
456 941
456 970
456 990
456 997
546 553
546 797
546 837
546 854
546 868
546 896
546 938
546 959
546 997
725 45
725 228
725 261
725 290
725 368
725 380
725 400
725 476
725 524
725 541
725 682
725 706
725 754
725 787
725 956
827 85
827 108
827 110
827 119
827 122
827 127
827 137
827 159
827 161
827 219
827 256
827 296
827 390
827 437
827 517
827 539
827 737
827 802
671 65
671 119
671 153
671 166
671 244
671 288
671 325
671 526
671 620
557 158
557 161
557 293
557 378
557 620
848 45
848 570
848 593
848 607
848 662
848 667
848 699
848 756
848 785
848 815
848 935
848 987
968 100
968 126
968 283
968 290
968 338
968 353
968 541
968 560
968 577
968 691
968 925
968 933
968 989
788 101
788 110
788 119
788 153
788 194
788 200
788 206
788 243
788 257
788 266
788 332
788 347
788 466
788 474
788 487
788 731
788 754
788 755
788 763
788 854
788 897
788 928
788 958
788 990
893 108
893 140
893 147
893 260
893 261
893 378
893 452
893 553
893 802
893 909
893 954
974 87
974 108
974 113
974 140
974 153
974 161
974 256
974 368
974 452
974 609
974 698
974 726
974 730
974 737
974 752
974 798
974 826
974 853
974 971
569 241
569 244
569 310
569 366
569 409
569 414
569 506
569 526
569 542
569 547
569 555
569 594
569 614
569 628
569 654
569 663
569 674
569 787
569 802
569 854
569 887
569 910
569 943
569 974
876 276
876 853
876 867
876 896
876 945
971 144
971 170
971 213
971 215
971 286
971 314
971 400
971 402
971 517
971 832
971 986
941 89
941 90
941 113
941 126
941 228
941 357
941 374
941 485
941 575
941 659
941 664
941 697
941 744
941 762
941 763
941 784
941 839
941 911
941 960
941 970
878 68
878 122
878 126
878 137
878 140
878 141
878 151
878 158
878 175
878 207
878 209
878 338
878 390
878 405
878 410
878 835
878 854
987 98
987 141
987 144
987 146
987 175
987 177
987 189
987 199
987 206
987 208
987 215
987 276
987 352
987 378
987 419
987 422
987 425
987 469
987 495
987 506
987 674
987 682
987 698
987 712
987 718
987 721
987 741
987 770
987 789
987 794
987 853
987 922
987 963
987 979
