0 582
0 599
0 619
0 631
0 634
0 655
0 666
0 691
0 701
0 711
0 726
0 740
0 753
0 758
0 768
0 788
0 803
0 828
0 843
0 851
0 865
0 881
0 898
0 902
0 911
0 913
0 921
0 933
0 942
0 944
0 955
0 967
0 983
0 989
0 998
4 936
4 959
8 529
8 541
8 559
8 604
8 622
8 664
8 672
8 684
8 706
8 736
8 791
8 811
8 826
8 851
8 890
8 916
8 973
10 775
10 793
10 825
10 836
10 869
10 893
10 917
10 934
10 988
11 723
11 725
11 730
11 792
11 798
11 815
11 852
11 858
11 879
11 882
11 904
11 911
11 920
11 942
11 978
12 372
12 385
12 409
12 412
12 442
12 460
12 526
12 545
12 600
12 603
12 655
12 660
12 694
12 712
12 731
12 748
12 756
12 795
12 805
12 825
12 841
12 909
12 922
12 941
13 715
13 771
13 802
13 824
13 831
13 833
13 835
13 856
13 872
13 880
13 906
13 928
13 940
13 949
13 976
15 962
15 980
16 838
16 853
16 901
16 910
16 918
16 939
16 949
19 972
19 988
22 890
22 899
22 926
22 953
22 961
22 985
22 993
24 911
24 926
24 965
24 978
26 955
26 983
28 492
28 501
28 572
28 601
28 633
28 637
28 672
28 682
28 704
28 714
28 732
28 762
28 776
28 784
28 849
28 858
28 888
28 901
31 687
31 692
31 719
31 723
31 742
31 763
31 781
31 804
31 874
31 883
31 925
31 965
32 969
32 977
34 846
34 898
34 968
34 982
35 680
35 689
35 726
35 780
35 796
35 806
35 835
35 862
35 867
35 912
35 950
35 961
35 987
36 756
36 764
36 770
36 801
36 829
36 848
36 905
36 911
36 926
36 945
36 950
36 977
40 753
40 783
40 791
40 805
40 822
40 849
40 863
40 871
40 877
40 892
40 926
40 941
40 973
41 822
41 846
41 872
41 893
41 927
44 902
44 953
44 994
44 999
45 523
45 538
45 554
45 570
45 579
45 590
45 609
45 617
45 638
45 645
45 649
45 652
45 686
45 702
45 720
45 728
45 771
45 807
45 836
45 840
45 878
45 896
45 923
45 929
45 950
45 971
45 990
47 737
47 755
47 763
47 783
47 804
47 827
47 839
47 870
47 901
47 934
47 976
50 663
50 702
50 720
50 806
50 821
50 858
50 901
50 911
50 921
50 929
50 948
50 998
51 973
51 976
51 991
51 993
51 996
52 787
52 792
52 801
52 805
52 820
52 823
52 829
52 831
52 847
52 851
52 855
52 863
52 869
52 876
52 883
52 892
52 897
52 917
52 921
52 936
52 946
52 949
52 960
52 963
52 966
52 978
52 998
53 876
53 962
53 967
53 970
55 817
55 836
55 839
55 851
55 863
55 868
55 899
55 913
55 933
55 935
55 944
55 956
55 962
55 978
57 914
57 930
57 942
57 948
57 984
57 995
57 998
58 742
58 750
58 755
58 766
58 780
58 788
58 820
58 847
58 857
58 866
58 893
58 900
58 915
58 920
58 926
58 951
58 965
58 971
58 980
58 987
59 804
59 823
59 845
59 863
59 878
59 883
59 887
59 893
59 908
59 929
59 939
59 952
59 954
59 971
59 976
59 990
61 728
61 749
61 768
61 773
61 778
61 789
61 794
61 801
61 804
61 812
61 845
61 859
61 863
61 870
61 900
61 915
61 931
61 935
61 947
61 952
61 969
61 984
62 843
62 858
62 862
62 883
62 914
62 925
62 942
62 951
62 959
62 990
62 997
66 833
66 855
66 869
66 881
66 907
66 912
66 946
66 956
66 968
66 990
66 998
69 901
69 929
69 961
69 986
70 931
70 935
70 939
70 978
70 993
71 801
71 803
71 806
71 833
71 845
71 861
71 866
71 878
71 885
71 890
71 917
71 964
71 966
71 974
71 982
71 989
74 748
74 809
74 826
74 837
74 839
74 845
74 853
74 879
74 900
74 929
74 938
74 955
74 962
74 972
74 986
78 548
78 632
78 636
78 638
78 666
78 668
78 682
78 694
78 702
78 707
78 720
78 751
78 758
78 784
78 792
78 808
78 823
78 841
78 859
78 883
78 896
78 899
78 915
78 933
78 935
78 943
78 974
78 984
78 992
79 748
79 784
79 826
79 851
79 857
79 895
79 917
79 927
79 940
79 946
79 951
79 972
79 986
79 994
80 362
80 639
80 695
80 701
80 708
80 711
80 719
80 721
80 728
80 744
80 754
80 765
80 790
80 808
80 815
80 826
80 840
80 850
80 863
80 880
80 889
80 894
80 900
80 914
80 941
80 950
80 957
80 970
80 982
80 998
84 615
84 626
84 632
84 649
84 657
84 666
84 698
84 702
84 712
84 716
84 725
84 734
84 736
84 752
84 770
84 791
84 821
84 848
84 855
84 868
84 871
84 895
84 912
84 927
84 950
84 959
85 705
85 754
85 766
85 776
85 793
85 795
85 818
85 827
85 836
85 850
85 873
85 877
85 885
85 897
85 909
85 929
85 968
85 983
85 987
87 809
87 859
87 893
87 906
87 914
87 925
87 932
87 943
87 987
87 995
89 639
89 681
89 693
89 718
89 724
89 741
89 758
89 781
89 792
89 794
89 800
89 814
89 859
89 878
89 893
89 900
89 943
89 983
89 995
94 816
94 848
94 862
94 876
94 891
94 912
94 928
94 983
94 999
99 963
99 969
99 998
101 701
101 723
101 730
101 746
101 777
101 816
101 847
101 857
101 869
101 882
101 892
101 905
101 916
101 937
101 971
101 980
102 997
103 835
103 852
103 866
103 871
103 887
103 926
103 941
103 957
103 975
103 991
105 548
105 609
105 634
105 738
105 796
105 844
105 875
105 913
105 931
105 936
105 948
105 957
105 969
105 994
106 461
106 523
106 536
106 550
106 554
106 575
106 582
106 595
106 616
106 624
106 640
106 650
106 661
106 678
106 682
106 688
106 707
106 740
106 760
106 769
106 802
106 811
106 829
106 849
106 860
106 873
106 886
106 903
106 927
106 947
106 969
109 760
109 769
109 800
109 806
109 827
109 845
109 865
109 885
109 921
109 945
109 981
111 707
111 876
111 921
111 935
111 945
111 957
111 965
111 968
111 979
112 928
112 943
112 958
112 974
113 359
113 483
113 536
113 551
113 570
113 583
113 587
113 603
113 612
113 617
113 646
113 673
113 698
113 718
113 724
113 731
113 749
113 763
113 786
113 805
113 822
113 886
113 892
113 904
113 935
113 957
113 990
113 998
116 242
116 291
116 488
116 497
116 530
116 537
116 539
116 547
116 558
116 564
116 575
116 585
116 607
116 619
116 625
116 666
116 730
116 734
116 750
116 783
116 787
116 809
116 822
116 865
116 878
116 917
116 953
116 978
118 816
118 871
118 888
118 904
118 926
118 942
118 966
118 976
118 985
122 362
123 536
123 539
123 554
123 562
123 568
123 619
123 628
123 634
123 660
123 668
123 682
123 689
123 698
123 726
123 733
123 738
123 774
123 787
123 808
123 826
123 838
123 877
123 906
123 920
123 935
123 969
123 999
127 222
127 229
127 937
127 963
131 758
131 986
135 851
135 873
135 877
135 895
135 902
135 907
135 911
135 930
135 947
135 974
137 359
137 663
137 857
137 867
137 873
137 877
137 894
137 905
137 918
137 940
137 954
137 964
137 982
137 994
140 665
140 699
140 739
140 747
140 754
140 760
140 778
140 796
140 818
140 823
140 840
140 861
140 881
140 895
140 925
140 993
142 115
142 307
142 386
142 451
142 461
142 477
142 486
142 496
142 515
142 532
142 564
142 585
142 598
142 613
142 632
142 634
142 640
142 642
142 661
142 677
142 693
142 703
142 722
142 745
142 751
142 758
142 773
142 779
142 785
142 807
142 828
142 864
142 875
142 886
142 915
142 928
142 976
142 996
149 978
155 157
155 291
155 391
155 666
155 675
155 759
155 817
155 822
155 841
155 886
155 908
155 915
155 970
155 992
164 157
164 401
164 435
164 474
164 507
164 532
164 548
164 564
164 597
164 636
164 675
164 684
164 710
164 746
164 768
164 777
164 789
164 793
164 893
164 953
164 980
164 993
165 501
165 526
165 609
165 697
165 728
165 745
165 797
165 865
165 877
165 923
165 963
175 636
178 242
180 181
180 548
180 649
180 761
180 802
180 804
180 851
180 888
180 921
182 609
182 691
182 796
182 816
182 835
182 852
182 901
182 924
182 951
182 992
183 624
183 855
183 907
183 945
183 965
183 971
186 181
186 838
186 908
186 933
186 947
186 953
186 968
186 973
186 980
186 991
191 202
191 326
191 403
191 452
191 539
191 543
191 552
191 574
191 585
191 608
191 653
191 677
191 685
191 697
191 714
191 729
191 751
191 766
191 774
191 781
191 808
191 850
191 853
191 896
191 931
191 979
191 992
193 496
193 803
193 817
193 876
193 934
193 982
194 738
194 902
194 960
194 975
195 774
195 794
195 808
195 825
195 835
195 857
195 873
195 881
195 906
195 912
195 938
195 965
195 977
195 979
195 993
196 222
196 235
196 276
196 287
196 320
196 345
196 349
196 351
196 371
196 441
196 453
196 496
196 529
196 546
196 554
196 559
196 580
196 585
196 614
196 658
196 666
196 696
196 731
196 800
196 819
196 876
196 906
196 997
200 134
200 499
200 518
200 543
200 580
200 602
200 617
200 645
200 649
200 664
200 671
200 681
200 722
200 747
200 769
200 819
200 836
200 877
200 900
200 924
200 940
201 647
201 738
201 768
201 813
201 893
201 934
203 335
206 347
206 435
206 464
206 558
206 575
206 672
206 779
206 796
206 802
206 849
206 870
206 903
206 921
206 934
206 957
206 974
208 210
208 291
208 332
208 340
208 361
208 375
208 392
208 396
208 410
208 418
208 429
208 444
208 457
208 486
208 493
208 517
208 524
208 528
208 534
208 552
208 567
208 580
208 599
208 654
208 658
208 713
208 752
208 787
208 801
208 810
208 815
208 889
208 897
208 902
208 923
208 944
208 974
214 955
215 803
215 849
215 876
215 894
215 973
217 876
221 242
226 707
226 885
226 921
227 346
227 370
227 428
227 452
227 520
227 544
227 557
227 617
227 628
227 642
227 674
227 703
227 710
227 731
227 784
227 815
227 839
227 910
227 926
230 636
230 771
248 150
248 190
248 278
248 330
248 342
248 362
248 381
248 400
248 447
248 472
248 489
248 500
248 535
248 579
248 663
248 730
248 740
248 865
248 923
248 951
248 969
252 548
252 882
252 907
252 916
252 958
253 229
253 260
253 295
253 299
253 356
253 464
253 497
253 517
253 530
253 553
253 568
253 586
253 612
253 624
253 650
253 663
253 699
253 740
253 760
253 822
253 860
253 876
253 895
253 929
253 946
253 957
253 989
253 998
254 353
254 738
254 831
254 851
254 875
254 884
254 889
254 911
254 926
254 949
254 990
256 307
256 597
256 642
256 682
256 747
256 798
256 828
256 835
256 887
256 908
256 946
256 989
257 114
257 169
257 197
257 275
257 278
257 324
257 326
257 472
257 524
257 527
257 546
257 581
257 588
257 652
257 660
257 673
257 710
257 741
257 762
257 780
257 810
257 840
257 932
257 964
263 996
272 496
272 639
272 647
272 673
272 778
272 792
272 805
272 848
272 894
272 941
272 950
279 636
279 759
279 986
286 738
286 816
289 184
289 235
289 307
289 357
289 388
289 416
289 451
289 484
289 500
289 511
289 528
289 560
289 615
289 627
289 643
289 664
289 674
289 706
289 728
289 757
289 792
289 822
289 844
289 857
289 902
289 954
289 958
289 968
289 987
292 663
296 752
296 789
296 813
296 894
296 954
296 965
298 391
301 242
305 345
305 499
305 599
305 714
305 758
305 778
305 785
305 800
305 818
305 864
305 924
305 942
305 989
313 222
313 422
313 443
313 473
313 485
313 527
313 673
313 686
313 723
313 738
313 893
313 989
316 255
316 939
316 989
317 800
317 859
317 954
317 999
319 21
319 276
319 500
319 647
319 675
319 758
319 810
319 871
319 881
319 914
320 636
320 666
320 949
320 972
321 597
321 709
321 838
321 865
321 875
321 914
321 924
321 981
323 640
323 727
323 778
323 805
323 886
323 908
323 930
328 483
328 717
328 752
328 934
330 616
330 673
330 834
330 954
330 989
331 291
331 359
331 666
331 862
331 898
331 994
334 169
334 236
334 474
334 496
334 529
334 552
334 585
334 621
334 730
334 748
334 800
334 840
334 863
334 960
338 242
338 855
338 944
338 986
348 154
348 184
348 202
348 249
348 326
348 340
348 363
348 399
348 422
348 740
348 904
348 912
348 990
356 788
363 229
363 548
371 255
371 276
371 362
371 735
371 845
371 860
371 875
371 917
371 964
374 213
374 214
374 236
374 238
374 270
374 283
374 332
374 333
374 352
374 409
374 447
374 484
374 536
374 651
374 904
374 936
374 988
376 362
376 599
376 663
376 714
376 932
379 636
382 169
382 222
389 663
389 961
390 222
390 359
390 402
390 416
390 473
390 510
390 545
390 572
390 654
390 677
390 707
390 766
390 819
390 840
390 921
390 982
393 483
393 599
393 624
393 920
393 990
397 363
397 423
397 451
397 582
397 679
397 769
397 879
397 904
397 908
397 942
398 548
399 597
399 904
400 353
400 673
400 735
400 788
400 881
400 938
400 947
400 983
403 307
405 56
405 77
405 154
405 477
405 511
405 540
405 577
405 605
405 637
405 658
405 685
405 841
405 878
405 896
405 931
410 415
410 705
410 901
417 242
417 339
417 347
417 511
417 533
417 562
417 586
417 646
417 775
417 783
417 808
417 867
417 876
417 896
417 944
417 962
417 967
417 987
434 493
434 609
434 828
437 828
437 908
437 994
440 634
440 816
440 925
440 964
440 996
442 218
442 224
442 228
442 242
442 292
442 418
442 499
442 610
442 659
442 679
442 724
442 808
442 831
442 838
442 851
442 919
442 979
443 806
444 210
444 566
444 597
449 314
449 614
449 656
449 719
449 729
449 796
449 874
449 935
449 968
454 493
456 75
456 122
456 478
456 673
456 738
456 988
457 18
457 30
457 110
457 249
457 291
457 391
457 460
457 500
457 541
457 574
457 663
457 720
457 791
457 809
457 854
457 881
457 993
458 121
458 141
458 151
458 153
458 169
458 181
458 218
458 241
458 380
458 388
458 521
458 542
458 668
458 727
458 816
458 904
458 955
458 984
458 998
468 21
468 701
468 760
470 213
470 220
470 485
470 504
470 566
470 614
470 729
470 908
470 929
470 967
475 249
475 295
475 313
475 361
475 511
475 606
475 629
475 685
475 783
475 806
475 831
475 857
475 867
475 921
475 966
475 987
477 222
477 362
477 432
477 478
477 709
477 732
481 689
481 773
481 887
481 943
481 967
481 981
485 386
485 666
489 666
489 809
489 894
489 992
495 255
495 431
495 840
495 854
495 857
495 911
495 956
495 990
499 77
499 157
501 823
506 6
506 20
506 63
506 67
506 81
506 88
506 507
506 634
506 678
506 758
506 857
506 904
506 942
506 979
506 987
506 995
509 655
509 759
511 588
513 181
513 235
513 391
513 416
513 443
513 472
513 478
513 522
513 555
513 677
513 701
513 755
513 782
513 810
513 841
513 854
513 905
513 998
515 242
515 278
515 367
515 523
515 535
515 548
515 582
515 615
515 661
515 713
515 748
515 794
515 897
515 964
515 982
517 20
517 220
517 347
525 56
525 90
525 110
525 306
525 314
525 331
525 370
525 375
525 480
525 482
525 516
525 546
525 558
525 577
525 590
525 687
525 785
525 812
525 864
525 884
525 960
525 998
526 276
526 422
526 507
526 851
533 114
534 42
534 134
534 163
534 202
534 298
534 325
534 335
534 426
534 482
534 561
534 609
534 738
534 768
534 807
534 910
534 930
534 986
538 56
538 90
538 91
538 104
538 171
538 185
538 236
538 396
538 398
538 429
538 451
538 511
538 521
538 647
538 898
538 978
539 3
539 110
539 169
539 271
539 430
539 468
539 488
539 538
539 543
539 554
539 623
539 655
539 702
539 729
539 788
539 876
539 904
539 955
545 630
545 705
545 929
550 56
550 500
550 516
552 202
552 512
552 537
552 630
552 663
552 859
552 885
553 203
553 212
553 519
553 749
553 806
556 86
556 169
556 190
556 345
556 411
556 465
556 588
556 624
556 691
556 727
556 956
559 67
559 98
559 126
559 163
559 168
559 225
559 259
559 270
559 275
559 334
559 394
559 423
559 451
559 466
559 505
559 507
559 647
559 673
559 795
559 836
559 869
559 962
559 996
560 20
560 477
560 478
560 502
560 548
560 673
560 691
560 774
560 903
560 983
560 999
561 21
566 181
566 362
570 816
570 904
570 934
570 993
572 255
572 291
572 367
572 373
572 453
572 493
572 526
572 563
572 601
572 622
572 644
572 678
572 735
572 813
572 912
572 941
582 30
582 202
582 499
582 876
587 6
587 56
587 132
587 212
587 249
587 353
587 359
587 655
587 878
599 77
599 202
599 229
599 324
599 431
599 597
599 675
612 269
612 548
612 628
612 647
612 699
612 768
612 971
619 378
619 816
619 905
619 960
622 67
622 235
622 314
622 363
622 411
622 477
622 482
622 493
622 543
622 626
622 654
622 749
622 793
631 516
631 658
631 746
631 758
631 902
631 990
632 500
632 548
632 987
634 324
634 445
641 86
641 202
641 516
641 805
641 829
641 854
655 136
655 242
655 748
659 583
659 700
659 714
659 759
666 128
666 181
666 202
666 386
666 675
671 181
671 403
671 439
671 443
671 499
671 634
671 647
691 114
691 181
691 717
700 121
700 128
700 145
700 326
700 347
700 351
700 423
700 536
700 550
700 869
700 942
701 307
701 728
701 993
706 114
706 132
706 160
706 242
706 276
706 282
706 299
706 307
706 478
706 530
706 537
706 570
706 689
706 695
706 822
706 894
706 949
711 23
711 154
711 204
711 269
711 276
711 416
711 512
711 558
711 568
711 606
711 629
711 710
711 713
711 732
711 801
711 892
711 964
723 17
723 18
723 29
723 37
723 86
723 119
723 172
723 249
723 433
723 993
726 6
726 175
726 271
726 291
726 346
726 380
726 639
726 679
726 798
726 827
726 996
740 217
740 255
740 523
741 38
741 77
741 152
741 157
741 737
741 803
741 936
741 945
753 30
753 95
753 97
753 213
753 499
753 568
753 788
753 877
757 416
757 628
758 29
758 496
760 752
760 963
768 307
772 18
772 72
772 90
772 98
772 122
772 177
772 230
772 235
772 236
772 255
772 332
772 492
772 534
772 627
772 655
772 665
772 729
772 805
772 854
772 955
788 121
788 181
796 138
796 141
796 184
796 204
796 207
796 303
796 357
803 37
803 276
803 516
803 752
803 836
817 90
817 242
817 735
817 806
828 496
828 586
828 636
835 93
835 98
835 152
835 213
835 240
835 241
835 391
835 647
835 695
835 784
843 68
843 81
843 86
843 88
843 92
843 242
843 326
843 642
843 678
843 752
843 788
843 902
847 332
847 339
847 416
847 489
847 495
847 593
847 594
847 616
847 697
847 751
847 821
851 7
851 42
851 63
851 154
851 235
851 345
851 675
863 42
863 54
863 81
863 98
863 249
863 331
863 412
863 437
863 516
863 551
863 635
863 661
863 708
863 887
863 984
865 65
865 88
865 119
865 163
865 176
865 245
865 264
865 628
865 634
865 660
865 668
865 698
865 859
865 894
865 951
865 986
879 56
879 77
879 117
879 210
879 230
879 291
879 367
879 401
879 542
879 616
879 627
879 886
881 478
881 532
881 628
881 861
881 866
896 86
896 104
896 174
896 299
896 363
896 473
896 497
896 519
896 537
896 542
896 658
896 737
896 887
896 907
896 979
898 173
898 364
898 396
898 429
898 545
898 709
900 2
900 60
900 97
900 107
900 115
900 117
900 122
900 134
900 172
900 486
900 495
900 533
900 540
900 543
900 544
900 619
900 639
900 675
900 684
900 934
900 947
900 960
900 989
902 6
902 150
902 218
902 235
902 335
902 386
902 411
902 834
906 54
906 97
906 100
906 160
906 203
906 220
906 291
906 351
906 416
906 862
906 907
906 956
911 49
911 54
911 153
911 212
911 222
911 241
911 269
911 271
911 378
911 415
911 521
911 526
911 548
911 578
911 843
911 977
912 83
912 174
912 175
912 179
912 230
912 345
912 361
912 472
912 546
912 679
912 690
912 691
912 753
912 755
912 834
912 885
912 980
913 110
913 114
913 172
913 190
913 202
913 339
913 443
913 524
913 561
918 20
918 67
918 77
918 134
918 276
918 287
918 414
918 451
918 511
918 548
918 638
918 658
918 748
918 804
918 826
918 860
918 928
921 25
921 145
921 146
921 303
921 332
921 422
921 493
921 558
921 607
921 816
930 223
930 264
930 332
930 356
930 429
930 699
933 114
933 174
933 251
933 422
933 476
933 494
933 532
933 616
933 625
933 632
933 634
933 643
933 701
933 762
933 857
933 912
933 984
935 60
935 228
935 367
935 885
935 934
942 115
942 157
942 335
942 877
942 880
942 885
943 27
943 42
943 54
943 67
943 73
943 76
943 188
943 228
943 301
943 336
943 408
943 429
943 431
943 524
943 581
943 688
943 699
943 884
943 964
944 203
944 346
944 414
944 427
944 511
944 516
944 540
944 676
944 678
944 690
944 708
948 136
948 138
948 169
948 174
948 222
948 274
948 602
948 685
948 709
948 917
955 904
964 38
964 222
964 469
964 519
967 353
967 362
967 498
967 535
967 596
967 603
967 605
967 759
967 782
967 793
967 818
967 945
977 46
977 77
977 153
977 172
977 269
977 429
977 435
977 467
977 488
977 516
977 600
977 679
977 723
977 788
977 828
977 919
983 179
983 212
983 240
983 306
983 463
983 501
983 510
983 517
983 570
983 625
983 635
983 667
983 680
983 712
983 800
983 823
983 825
983 989
987 6
987 7
987 21
987 77
987 132
987 313
987 492
987 499
987 530
987 573
987 672
987 867
987 893
987 974
989 54
989 92
989 384
989 640
989 728
989 980
996 95
996 235
996 269
996 416
996 717
996 768
996 774
998 42
998 63
998 115
998 326
998 540
998 726
998 824
998 848
998 863
998 880
998 907
998 963
82 934
82 979
82 989
82 994
147 647
147 735
147 748
147 754
147 781
147 802
147 819
147 830
147 841
147 844
147 859
147 870
147 891
147 907
147 958
172 362
199 307
216 229
216 345
216 359
216 493
216 500
216 701
216 751
216 761
216 791
216 813
216 832
216 882
216 900
216 913
216 991
218 758
233 157
233 517
233 566
233 672
233 688
233 695
233 710
233 748
233 759
233 788
233 831
233 864
233 896
233 929
233 938
233 970
233 993
239 303
239 349
239 422
239 474
239 517
239 540
239 611
239 620
239 643
239 650
239 670
239 713
239 754
239 780
239 846
239 864
239 882
239 933
239 996
259 875
259 930
259 971
262 415
262 499
262 511
262 526
262 539
262 557
262 588
262 642
262 648
262 675
262 684
262 724
262 754
262 763
262 775
262 825
262 879
262 917
262 959
274 493
290 21
290 110
290 190
290 445
290 478
290 483
290 618
290 713
290 786
290 813
290 824
290 842
290 930
290 943
290 962
290 996
299 362
299 636
299 955
310 197
310 291
310 647
310 666
310 901
311 181
311 630
311 723
311 878
311 928
311 954
311 988
312 940
312 970
318 568
318 647
318 829
318 873
318 904
346 21
346 255
366 823
366 989
377 499
377 548
377 647
377 771
395 339
395 347
395 402
395 673
395 717
395 781
395 786
395 821
395 843
395 921
395 940
395 979
396 885
396 901
414 21
414 121
414 728
414 828
414 862
426 993
452 3
452 56
452 75
452 104
452 117
452 174
452 220
452 240
452 245
452 264
452 295
452 412
452 451
452 460
452 523
452 557
452 876
452 920
465 77
465 114
465 485
465 600
478 675
482 134
482 163
482 173
482 184
482 212
482 359
482 402
482 500
482 913
492 855
492 862
492 907
492 971
503 126
503 169
503 212
503 221
503 231
503 268
503 332
503 443
503 541
503 583
503 622
503 709
503 748
503 813
503 846
503 867
503 947
514 630
514 701
514 929
518 499
518 533
518 634
520 242
520 687
520 759
520 771
520 788
520 832
520 901
537 340
542 496
542 601
542 666
542 727
542 936
592 37
592 236
592 307
592 521
592 556
592 695
592 791
592 880
635 1
635 184
635 345
635 778
635 876
635 908
635 964
639 160
639 276
654 512
654 523
654 768
654 820
656 3
656 37
656 157
656 169
656 255
662 184
662 213
662 548
676 275
676 574
676 590
676 619
676 818
676 838
676 943
676 947
677 1
677 97
677 176
677 218
677 236
677 299
677 423
677 554
677 601
677 616
677 801
677 955
713 412
713 462
713 536
713 551
713 691
713 702
713 719
713 748
713 862
738 1
738 30
738 347
738 353
738 363
750 141
750 184
750 244
750 274
750 278
750 324
750 509
750 664
750 740
750 746
750 782
756 1
756 415
756 520
756 666
756 716
756 747
756 784
756 893
756 941
764 1
764 73
764 115
764 119
764 146
764 174
764 222
764 249
764 675
764 828
764 859
764 956
767 38
767 121
767 222
767 581
767 590
767 611
767 664
777 1
777 21
777 56
777 98
777 150
777 240
777 327
777 373
777 454
777 536
777 584
777 601
777 661
777 666
777 700
777 717
777 764
777 780
777 795
777 961
777 997
784 90
784 386
784 558
784 616
784 748
791 60
791 132
791 143
791 251
791 337
791 391
791 412
791 418
791 789
791 879
791 981
795 30
795 67
795 134
795 244
795 341
795 364
795 394
795 523
795 568
795 883
813 1
813 152
813 269
813 291
813 310
813 327
813 336
813 369
813 531
813 553
813 619
813 734
813 842
813 899
813 975
814 56
814 81
814 122
814 249
814 287
814 391
814 396
814 575
814 673
814 980
815 1
815 115
815 573
815 688
815 717
815 725
815 850
815 924
815 928
815 972
860 18
860 69
860 86
860 91
860 126
860 128
860 217
860 349
860 440
860 471
860 519
860 533
860 681
860 714
860 790
860 841
860 844
860 862
860 931
860 992
864 1
864 90
864 110
864 314
864 353
864 406
864 452
864 491
864 582
864 709
864 752
864 782
880 2
880 121
880 204
880 229
880 359
880 499
880 717
895 1
895 121
895 558
895 700
901 758
901 932
954 1
954 14
954 37
954 77
954 203
954 362
954 411
954 719
954 851
954 869
954 958
968 97
968 122
968 184
968 398
968 447
968 482
968 528
968 599
968 775
968 852
970 1
970 73
970 77
970 160
970 283
970 293
970 324
970 396
970 467
970 524
970 541
970 565
970 710
970 716
970 718
970 826
970 941
970 963
970 975
120 853
120 895
120 931
120 936
120 960
120 968
120 999
139 978
156 493
156 924
156 937
156 975
156 994
170 460
170 513
170 527
170 549
170 574
170 586
170 606
170 631
170 639
170 649
170 658
170 672
170 716
170 728
170 797
170 831
170 877
170 894
170 912
170 953
204 362
209 941
209 977
237 362
237 666
237 679
237 996
247 110
247 178
247 184
247 202
247 301
247 402
247 470
247 490
247 525
247 573
247 584
247 624
247 712
247 797
247 902
265 642
265 836
265 888
265 919
270 806
270 876
270 993
282 493
282 771
282 823
282 955
284 204
284 213
284 287
284 370
284 386
284 469
284 472
284 534
284 543
284 609
284 693
284 703
284 776
284 823
284 862
284 881
284 945
284 986
300 819
300 864
300 895
300 919
300 977
340 335
368 862
368 972
368 992
385 152
385 153
385 212
385 242
385 357
385 364
385 426
385 517
385 650
385 655
385 715
385 820
385 844
385 877
385 936
385 969
416 229
424 460
424 496
424 634
424 660
424 784
424 823
424 927
424 955
424 963
424 988
430 418
430 906
441 197
441 222
441 357
441 433
441 462
441 566
441 668
441 679
441 734
441 778
441 851
441 936
441 989
441 997
450 122
450 136
450 401
450 422
450 809
450 868
450 909
467 236
467 314
467 521
467 828
467 898
467 924
467 974
474 512
474 547
474 570
474 582
474 616
474 660
474 723
479 609
479 666
479 751
479 767
479 796
479 826
479 860
479 894
531 403
531 416
531 445
531 588
531 679
531 749
531 913
531 956
548 30
557 666
574 362
574 536
574 553
574 557
574 673
574 963
581 42
581 114
581 128
581 172
581 207
581 220
581 482
581 500
581 566
581 586
581 636
581 709
581 837
581 963
595 222
595 429
595 600
595 796
595 833
595 888
595 952
596 2
596 20
596 67
596 86
596 110
596 136
596 303
596 377
596 386
596 436
596 454
596 519
596 616
596 679
596 689
596 720
596 782
596 806
596 902
596 960
596 985
629 121
629 169
629 292
629 301
629 335
629 339
629 512
629 758
629 927
638 115
638 169
638 359
638 460
638 512
638 514
638 655
638 819
638 838
638 876
638 990
685 146
685 238
685 270
685 448
685 451
685 534
685 566
685 626
685 936
708 2
708 54
708 56
708 124
708 172
708 188
708 210
708 231
708 238
708 249
708 270
708 368
708 410
708 547
708 614
708 636
708 697
708 710
708 728
708 838
708 969
730 160
730 245
730 249
730 380
730 630
730 738
730 757
730 826
730 845
730 908
749 242
749 386
766 2
766 114
766 202
766 212
766 235
766 241
766 264
766 274
766 276
766 314
766 336
766 345
766 458
766 475
766 493
766 504
766 530
766 594
766 606
766 612
766 634
766 636
766 841
766 874
804 86
804 426
804 473
804 534
804 554
804 623
804 634
804 913
804 925
804 971
805 60
805 117
805 423
805 429
805 524
805 537
805 782
805 920
805 993
806 415
820 20
820 203
820 353
820 432
820 701
820 768
820 878
820 985
846 2
846 88
846 124
846 150
846 171
846 346
846 386
846 447
846 500
846 671
846 919
846 999
855 160
855 181
855 238
855 370
855 913
882 6
882 97
882 119
882 129
882 181
882 205
882 241
882 293
882 344
882 401
882 491
882 610
882 692
882 734
882 759
882 775
882 835
882 885
892 2
892 173
892 202
892 270
892 306
892 422
892 444
892 570
892 624
892 960
897 63
897 143
897 153
897 228
897 238
897 367
897 394
897 433
897 488
897 654
897 655
897 662
897 719
897 867
904 370
904 478
907 9
907 124
907 141
907 204
907 275
907 543
907 600
907 607
917 204
917 213
917 232
917 757
917 767
917 926
917 983
938 2
938 23
938 56
938 63
938 65
938 91
938 462
938 476
938 741
938 796
938 849
938 901
938 959
941 30
941 43
941 99
941 167
941 168
941 185
941 249
941 256
941 291
941 295
941 306
941 330
941 384
941 423
941 432
941 492
941 513
941 607
941 770
946 2
946 56
946 91
946 110
946 119
946 255
946 323
946 352
946 359
946 362
946 391
946 487
946 534
946 594
946 597
946 613
946 632
946 640
946 687
946 713
946 728
946 733
946 781
946 789
946 815
946 835
946 875
951 218
951 220
951 302
951 323
951 440
951 674
951 718
951 732
951 784
978 2
978 20
978 43
978 255
978 885
978 971
96 993
130 307
130 496
130 660
130 675
130 759
130 858
130 943
130 948
130 979
144 624
144 673
144 759
144 841
144 865
144 878
144 893
144 936
144 958
144 971
161 229
161 509
161 521
161 547
161 587
161 637
161 650
161 668
161 687
161 702
161 721
161 776
161 820
161 839
161 847
161 863
161 914
161 930
161 987
162 496
162 516
162 533
162 586
162 624
162 658
162 686
162 705
162 714
162 737
162 751
162 774
162 808
162 825
162 846
162 870
162 879
162 903
162 928
162 958
162 980
166 788
166 823
166 943
166 958
166 982
192 242
192 291
192 391
192 519
192 714
192 746
192 787
192 859
192 882
192 901
192 943
192 981
198 169
198 220
198 483
198 519
198 639
198 851
198 929
198 955
198 998
231 548
231 636
241 362
243 493
243 507
243 516
243 561
243 723
243 749
243 769
243 777
243 804
243 811
243 827
243 841
243 923
243 944
246 295
246 353
246 516
246 565
246 573
246 703
246 738
246 768
246 854
246 898
246 916
246 955
246 976
277 345
277 443
277 483
277 597
277 628
277 660
277 723
277 768
277 886
277 917
277 971
294 134
294 370
294 433
294 524
294 527
294 593
294 604
294 614
294 621
294 643
294 653
294 705
294 710
294 769
294 777
294 780
294 797
294 877
294 894
294 977
302 927
302 942
302 972
315 114
315 157
315 242
315 871
315 927
336 307
365 197
365 251
365 324
365 499
365 540
365 547
365 592
365 632
365 643
365 658
365 682
365 690
365 716
365 764
365 777
365 831
365 951
365 992
381 493
381 672
381 732
381 901
388 181
388 291
388 335
409 806
409 914
409 967
409 977
419 30
419 134
419 160
419 197
419 381
419 456
419 475
419 540
419 574
419 585
419 614
419 662
419 723
419 733
419 768
419 808
419 828
419 862
419 880
419 950
460 42
460 415
469 303
469 496
473 210
473 675
473 901
530 242
564 328
564 386
564 671
564 737
564 941
564 973
564 985
568 423
568 600
568 647
578 624
578 627
578 639
578 677
578 741
578 809
578 848
578 908
586 229
586 496
586 717
590 114
590 184
590 630
590 705
590 723
590 759
623 255
623 291
623 353
623 391
623 758
623 880
642 229
642 362
642 732
642 758
642 885
658 197
658 217
658 516
658 561
658 920
682 291
682 411
682 496
682 599
682 613
682 699
682 729
682 867
682 987
682 997
687 160
687 236
687 357
687 399
687 423
687 433
687 460
687 485
687 748
689 3
689 21
689 255
689 260
689 291
689 299
689 492
689 535
689 600
689 707
689 936
693 169
693 271
693 359
693 493
693 521
693 532
693 837
693 925
693 994
694 3
694 222
694 357
694 363
694 548
694 738
694 945
705 75
705 184
718 3
718 14
718 124
718 128
718 169
718 207
718 295
718 324
718 335
718 412
718 508
718 675
718 758
718 890
718 968
718 997
720 345
720 357
720 523
720 548
720 607
720 758
720 771
720 784
731 134
731 154
731 280
731 362
731 655
731 736
731 785
731 840
731 859
731 930
731 978
731 988
746 115
746 291
746 367
746 396
746 416
746 561
746 615
746 673
746 930
746 985
747 23
747 39
747 56
747 65
747 67
747 81
747 88
747 90
747 110
747 138
747 163
747 660
765 63
765 81
765 341
765 512
765 648
765 808
765 856
765 903
765 915
765 951
765 976
775 88
775 90
775 343
775 473
775 502
775 654
775 720
775 752
775 876
775 913
775 956
776 3
776 43
776 54
776 60
776 278
776 286
776 324
776 391
776 439
776 785
776 908
776 978
808 148
808 153
808 465
808 499
808 505
808 686
808 693
808 774
808 848
808 961
811 124
811 128
811 172
811 220
811 235
811 255
811 389
811 501
811 530
811 545
811 754
811 792
811 887
818 3
818 56
818 63
818 83
818 92
818 104
818 148
818 251
818 275
818 588
818 590
818 616
818 624
818 874
818 945
827 21
827 157
827 418
827 546
827 602
827 655
827 887
827 929
827 990
832 3
832 38
832 291
832 666
837 56
837 67
837 75
837 136
837 157
837 275
837 278
837 607
840 3
840 134
840 178
840 362
840 512
840 548
840 587
840 691
840 943
840 981
840 996
869 3
869 49
869 56
869 86
869 121
869 666
869 930
878 37
878 95
878 134
878 324
883 3
883 14
883 64
883 73
883 76
883 93
883 141
883 340
883 432
883 509
883 538
883 552
883 577
883 623
883 635
883 639
883 640
883 713
883 772
883 882
883 903
883 955
884 86
884 121
884 179
884 217
884 223
884 224
884 341
884 514
884 558
884 576
884 751
884 862
884 956
916 3
916 6
916 119
916 178
916 217
916 240
916 279
916 300
916 319
916 367
916 387
916 449
916 454
916 467
916 637
916 648
916 775
916 869
934 90
934 238
934 401
934 586
934 618
934 647
934 679
953 213
953 328
953 378
953 430
953 451
953 554
953 698
953 736
953 824
953 863
953 923
953 974
974 3
974 110
974 150
108 785
108 790
108 796
108 818
108 830
108 837
108 845
108 876
108 898
108 918
108 931
108 947
108 950
108 969
108 973
133 738
133 749
133 870
133 901
133 925
133 938
133 960
133 985
159 920
224 362
264 548
344 181
344 647
344 723
344 771
344 864
344 939
350 124
350 132
350 138
350 148
350 339
350 359
350 485
350 524
350 616
350 694
350 747
350 790
350 854
350 907
350 926
350 976
361 114
361 249
361 307
361 416
361 422
361 477
361 527
361 638
361 684
361 704
361 748
361 775
361 811
361 827
361 902
361 974
418 838
421 799
421 805
421 927
421 955
427 324
427 485
427 496
427 519
427 613
427 749
427 816
427 908
464 181
464 291
464 345
464 478
464 663
464 758
471 340
471 686
471 837
476 308
476 418
476 500
476 536
476 729
476 738
476 855
476 980
502 77
502 222
502 497
502 504
502 580
502 675
502 764
504 588
504 904
523 157
523 707
523 732
523 759
523 823
554 157
554 229
554 362
555 238
555 249
555 280
555 426
555 445
555 517
555 527
555 628
555 685
555 752
555 758
555 802
555 844
555 885
555 946
555 990
571 307
571 512
571 612
571 640
571 660
571 820
571 872
571 893
571 952
611 433
611 675
611 901
640 114
640 985
640 999
643 121
643 218
643 230
643 532
643 602
643 612
643 645
643 675
643 705
643 840
643 875
643 938
645 169
668 77
668 138
668 145
668 153
668 173
668 176
668 264
668 587
668 665
709 303
709 391
709 496
716 20
716 157
716 422
716 655
716 759
716 989
735 42
735 163
735 308
735 324
739 235
739 260
739 393
739 433
739 437
739 514
739 534
739 725
739 781
739 875
739 925
739 977
763 29
763 92
763 173
763 217
763 275
763 356
763 381
763 561
763 569
763 581
763 605
763 608
763 707
763 845
763 861
783 18
783 114
783 181
783 624
783 855
787 81
787 92
787 169
787 175
787 178
787 241
787 362
787 472
787 542
787 605
787 612
787 747
787 845
792 42
792 223
792 422
792 730
792 769
792 782
792 814
792 907
797 25
797 54
797 120
797 125
797 126
797 233
797 262
797 289
797 299
797 335
797 456
797 500
797 522
797 596
797 651
797 664
797 676
797 679
797 699
797 708
797 739
797 804
797 821
797 833
797 925
797 950
802 81
802 238
802 340
802 431
802 445
802 759
856 20
856 37
856 357
856 814
856 864
858 67
858 122
858 223
858 229
858 759
858 924
858 961
868 163
868 293
868 303
868 323
868 423
868 463
868 492
868 534
868 546
868 802
868 853
868 896
868 996
886 222
886 699
886 701
915 14
915 42
915 63
915 91
915 159
915 226
915 301
915 305
915 307
915 455
915 457
915 460
915 461
915 574
915 618
915 641
915 649
915 703
915 994
920 38
920 56
920 91
920 378
920 433
920 543
920 636
920 985
922 60
922 77
922 150
922 190
922 203
922 205
922 250
922 267
922 268
922 293
922 404
922 470
922 473
922 609
922 627
922 685
922 710
922 739
922 854
922 895
922 977
936 25
936 136
936 152
936 221
936 275
936 314
936 611
936 929
936 956
958 17
958 114
958 275
958 412
958 435
958 520
958 663
959 49
959 63
959 73
959 76
959 117
959 124
959 163
959 229
959 339
959 354
959 499
959 541
959 723
959 740
158 483
158 524
158 566
158 573
158 582
158 603
158 623
158 673
158 710
158 751
158 766
158 782
158 814
158 837
158 861
158 874
158 885
158 891
158 917
158 926
158 953
158 988
158 993
225 855
225 886
225 907
225 939
261 961
261 981
261 995
266 957
266 993
267 886
267 906
267 934
267 955
267 974
269 362
327 222
327 249
327 411
327 477
327 511
327 620
327 647
327 692
327 720
327 728
327 762
327 780
327 823
327 868
327 922
327 956
332 663
354 20
354 160
354 203
354 345
354 386
354 878
358 345
358 673
358 748
358 798
358 854
358 897
360 251
360 432
360 655
360 680
360 695
360 817
360 835
360 862
375 460
375 758
375 935
375 980
384 307
384 929
384 974
392 21
392 157
392 236
392 346
392 507
392 537
392 586
392 663
392 690
392 777
392 853
392 968
436 21
436 43
436 67
436 86
436 104
436 124
436 132
436 134
436 138
436 174
436 204
436 460
436 485
436 985
453 114
453 222
453 391
453 521
453 600
453 671
453 816
453 855
453 913
453 950
453 971
498 391
498 445
498 566
498 930
498 978
510 345
510 654
510 664
510 753
510 779
510 891
510 910
510 978
528 122
528 235
528 307
528 326
528 402
528 639
528 656
528 744
528 749
528 846
528 905
528 963
528 986
567 303
567 396
567 473
567 724
567 758
567 932
567 958
580 647
583 615
583 828
583 897
583 921
605 5
605 104
605 134
605 197
605 242
605 402
605 624
605 980
607 42
607 748
607 913
608 75
608 229
608 422
608 499
608 732
608 749
608 904
608 924
630 423
630 634
630 728
630 771
630 876
633 33
633 88
633 124
633 150
633 169
633 380
633 533
633 565
633 608
633 772
633 950
633 962
633 989
664 20
683 42
683 132
683 177
683 220
683 262
683 266
683 364
683 428
683 445
683 451
683 453
683 515
683 530
683 531
683 553
683 576
683 595
683 611
683 629
683 646
683 766
683 782
683 824
683 857
704 203
704 723
704 759
715 29
715 49
715 115
715 121
715 341
715 471
715 493
715 540
715 542
715 642
715 700
715 759
715 821
715 962
725 5
725 163
725 260
725 267
725 279
725 337
725 347
725 402
725 477
725 483
725 511
725 770
725 790
725 871
725 902
725 939
734 49
734 86
734 104
734 141
734 169
734 181
734 222
734 339
734 378
748 132
748 241
748 422
748 496
748 519
748 788
770 37
770 197
770 245
770 308
770 418
770 445
770 490
770 500
770 568
770 605
770 748
770 790
770 866
770 930
773 429
773 543
773 631
773 635
773 755
773 763
773 784
773 789
773 807
773 887
773 931
778 6
778 537
778 541
778 686
809 5
809 27
809 42
809 60
809 75
809 128
809 278
809 445
809 832
816 30
816 276
816 378
816 493
816 666
826 56
826 75
826 168
826 204
826 308
826 359
826 473
826 959
833 39
833 54
833 60
833 646
833 648
833 660
833 664
833 677
833 684
833 755
833 804
833 862
833 894
838 37
838 60
838 483
838 728
850 29
850 212
850 280
850 499
850 747
850 935
850 977
885 335
889 121
889 517
889 537
889 541
889 599
889 782
889 805
889 880
889 900
889 906
889 943
889 992
965 20
965 64
965 83
965 91
965 95
965 96
965 134
965 145
965 168
965 169
965 174
965 230
965 264
965 307
965 380
965 381
965 385
965 411
965 417
965 459
965 476
965 806
965 837
965 855
965 865
965 908
965 953
965 979
965 994
189 556
189 673
189 707
189 754
189 805
189 845
189 935
189 953
189 958
189 976
211 613
211 701
211 800
211 806
211 809
211 868
211 893
211 937
211 963
211 986
211 993
281 679
281 978
285 748
285 774
285 905
322 639
322 686
322 759
322 886
322 993
355 119
355 241
355 295
355 308
355 367
355 435
355 553
355 608
355 645
355 731
355 767
355 805
355 848
355 853
355 872
355 924
355 945
355 963
383 202
383 340
383 362
383 445
383 493
383 499
383 910
383 988
404 222
404 340
404 443
404 483
404 788
404 858
420 203
420 229
420 394
420 401
420 554
420 599
429 362
439 115
439 213
439 220
439 423
439 807
439 823
466 173
466 235
466 266
466 280
466 283
466 298
466 305
466 424
466 431
466 434
466 509
466 579
466 726
466 788
466 828
466 923
480 154
480 401
480 616
480 769
480 793
480 816
480 866
480 914
516 255
516 548
522 88
522 90
522 377
522 378
522 391
522 460
522 516
522 556
522 615
522 655
522 800
522 826
522 853
522 886
522 974
576 222
579 399
579 615
579 714
579 827
579 850
579 995
601 21
601 838
617 6
617 104
617 114
617 134
617 172
617 176
617 235
617 238
617 306
617 346
617 370
617 399
617 443
617 455
617 492
617 548
617 568
617 569
617 616
617 671
617 723
617 862
617 874
617 952
620 75
620 134
620 614
620 746
637 6
637 128
637 157
637 326
637 468
637 532
637 539
637 541
637 553
637 596
637 634
637 648
637 717
637 726
637 772
637 836
637 882
637 888
637 931
637 955
647 114
650 396
650 412
650 558
650 639
650 748
651 30
651 42
651 60
651 67
651 90
651 308
651 352
651 367
651 516
651 557
651 732
651 862
652 6
652 97
652 119
652 184
652 203
652 304
652 322
652 376
652 550
652 640
652 700
652 741
652 772
652 846
652 854
652 909
652 940
681 249
681 854
681 985
702 43
702 88
702 95
702 125
702 181
702 293
702 306
702 435
702 500
702 747
743 6
743 18
743 75
743 92
743 153
743 228
743 352
743 370
743 483
743 884
743 987
759 37
759 128
759 150
759 245
759 431
759 618
759 728
762 6
762 143
762 152
762 181
762 207
762 286
762 509
762 519
762 526
762 535
762 582
762 614
762 660
762 690
762 716
762 719
762 773
762 809
762 954
762 991
781 30
781 42
781 184
781 261
781 358
781 412
781 439
781 442
781 501
781 511
781 685
781 785
781 793
782 6
782 160
782 190
782 238
782 796
782 885
785 86
785 138
785 245
785 494
785 532
785 562
785 588
785 771
785 807
785 858
821 6
821 46
821 65
821 81
821 88
821 151
821 160
821 171
821 185
821 286
821 291
821 364
821 527
821 548
821 727
821 746
821 904
821 955
867 7
867 326
867 391
867 433
867 732
867 796
867 801
867 827
867 854
867 875
867 927
867 999
870 6
870 136
870 157
870 203
870 217
870 275
870 351
870 418
870 699
870 783
870 816
870 843
870 858
870 868
870 891
870 951
908 104
908 138
908 151
908 171
908 181
908 333
908 468
908 675
908 754
908 929
939 229
939 920
939 974
940 20
940 110
940 134
940 217
940 345
940 429
940 436
940 543
940 557
940 642
940 788
940 832
940 929
945 6
945 179
945 197
945 367
945 373
945 483
945 551
945 664
945 963
971 6
971 18
971 21
971 23
971 168
971 171
971 224
971 291
971 307
971 333
971 422
971 491
971 554
971 568
971 702
971 714
975 90
975 119
975 124
975 204
975 276
975 473
975 587
975 741
975 796
975 928
187 500
187 675
187 784
187 803
187 811
187 840
187 912
187 932
187 939
187 951
244 851
250 181
250 345
250 535
250 575
250 602
250 651
250 724
250 785
250 805
250 838
250 907
250 926
250 939
250 953
250 994
273 242
273 391
273 618
273 856
273 925
273 952
273 974
295 666
295 806
415 362
438 56
438 90
438 110
438 146
438 260
438 271
438 291
438 292
438 359
438 410
438 547
438 590
438 663
438 765
438 898
438 911
438 930
438 977
438 998
461 359
461 431
461 432
461 586
461 897
461 968
461 972
497 423
497 483
497 516
497 660
497 901
584 115
584 202
584 236
584 278
584 340
584 345
584 386
584 757
584 838
584 882
584 935
584 964
653 483
653 532
653 575
653 627
653 645
653 924
660 241
669 7
669 157
669 204
669 351
669 357
669 359
669 423
669 464
669 616
669 686
669 707
669 753
669 843
672 21
733 46
733 121
733 527
733 951
807 7
807 132
807 184
807 345
810 181
810 197
810 508
810 614
810 615
810 620
810 650
810 856
810 906
810 910
848 236
848 601
848 650
848 763
848 831
848 861
848 978
890 115
890 163
890 199
890 212
890 521
890 647
890 695
890 822
890 982
929 7
929 29
929 121
929 600
932 21
932 73
932 77
932 241
932 357
932 359
962 7
962 48
962 68
962 132
962 276
962 332
962 579
962 668
962 752
962 804
962 845
962 859
962 900
962 918
167 415
167 570
167 600
167 623
167 631
167 648
167 688
167 704
167 739
167 776
167 831
167 862
167 889
167 897
167 920
167 952
167 961
167 994
219 222
219 362
219 460
219 532
219 543
219 727
219 742
219 754
219 758
219 776
219 799
219 818
219 835
219 856
219 892
219 931
219 947
219 982
260 255
329 210
329 276
329 642
329 653
329 738
329 742
329 762
329 768
329 775
329 835
329 852
329 859
329 878
329 913
329 991
337 114
337 828
337 876
342 249
342 558
342 565
342 618
342 664
342 746
342 773
342 790
342 817
342 834
342 866
342 924
342 958
342 969
351 276
407 362
407 500
407 597
407 748
407 967
484 81
484 122
484 178
484 202
484 228
484 245
484 367
484 427
484 464
484 581
484 635
484 834
484 863
484 907
484 923
484 985
521 169
521 362
529 30
529 401
529 701
529 845
529 914
529 985
541 307
541 666
541 806
547 21
547 207
547 418
547 429
547 435
547 478
547 499
547 717
547 816
577 75
577 163
577 276
577 651
577 695
577 861
577 901
604 77
604 114
604 169
604 433
604 554
604 568
604 610
604 641
604 770
604 805
604 841
604 907
604 948
604 989
684 121
684 340
684 353
684 386
695 110
695 115
695 345
695 586
695 878
695 961
736 17
736 63
736 90
736 314
736 433
736 504
736 524
736 535
736 569
736 608
736 615
736 664
736 677
736 691
736 890
736 948
736 987
819 43
819 222
819 307
819 570
819 628
819 690
819 783
819 792
819 832
819 854
819 978
834 48
834 65
834 73
834 122
834 150
834 171
834 184
834 332
834 451
834 517
834 520
834 524
834 537
834 558
834 930
872 115
872 148
872 152
872 205
872 316
872 412
872 415
872 474
872 504
872 568
872 582
872 587
872 622
872 721
872 730
872 865
872 918
952 104
952 146
952 152
952 280
952 764
952 809
952 873
952 919
952 921
973 787
973 791
997 38
997 56
997 86
997 146
997 152
997 212
997 214
997 476
997 580
997 583
997 690
997 755
997 825
268 307
268 500
268 609
268 707
268 981
283 898
387 276
387 443
387 630
387 663
387 713
387 746
387 783
387 852
387 880
387 925
412 728
428 56
428 115
428 169
428 181
428 271
428 423
428 425
428 432
428 474
428 496
428 531
428 543
428 564
428 622
428 711
428 748
428 762
428 836
428 913
428 942
448 932
448 956
544 46
544 63
544 86
544 90
544 141
544 174
544 204
544 291
544 295
544 335
544 558
544 609
544 654
544 696
544 724
544 778
544 821
544 856
544 875
544 948
544 979
551 493
551 717
551 886
610 86
610 151
610 218
610 238
610 310
610 439
610 512
610 596
610 605
610 607
610 634
610 702
610 785
610 799
610 978
610 999
771 20
771 38
771 507
771 521
798 9
798 75
798 98
798 107
798 110
798 115
798 119
798 121
798 218
798 231
798 245
798 279
798 317
798 318
798 325
798 368
798 443
798 541
798 548
798 578
798 733
798 772
798 773
798 850
798 913
836 138
836 202
836 203
836 274
836 439
836 445
836 519
836 599
836 628
836 641
836 714
836 732
836 738
893 37
893 154
893 169
893 177
893 286
893 499
893 849
893 869
937 307
937 422
937 426
937 445
937 496
937 575
937 614
937 644
937 905
976 76
976 96
976 98
976 117
976 160
976 169
976 173
976 174
976 356
976 389
976 414
976 418
976 615
976 750
976 758
976 843
976 852
976 922
976 925
976 983
280 307
280 483
280 597
280 707
280 932
314 362
413 255
413 362
413 582
413 600
413 667
413 676
413 775
413 819
413 851
413 965
431 493
455 157
455 197
455 353
455 445
455 507
455 646
455 654
455 663
455 673
455 746
455 803
455 860
455 894
455 931
455 955
455 995
494 104
494 122
494 242
494 359
494 691
494 838
494 940
585 181
585 561
585 609
585 636
585 663
585 727
585 764
585 821
585 875
585 952
589 242
589 251
589 682
589 721
589 775
589 832
589 940
616 29
616 160
616 197
616 851
646 43
646 65
646 77
646 97
646 222
646 238
646 501
646 518
675 30
690 67
690 154
690 172
690 212
690 251
690 558
690 759
690 858
690 914
690 991
707 21
707 229
707 345
717 38
717 136
744 110
744 122
744 154
744 319
744 325
744 408
744 410
744 465
744 551
744 573
744 598
744 716
744 770
744 806
744 835
744 866
744 906
744 939
744 996
755 38
755 60
755 75
755 122
755 352
755 518
755 557
755 838
755 958
793 210
793 308
793 363
793 553
793 775
793 999
825 14
825 104
825 119
825 148
825 220
825 229
825 230
825 231
825 235
825 249
825 336
825 443
825 608
825 684
825 688
825 817
825 838
825 901
825 921
825 985
830 86
830 124
830 128
830 373
830 411
830 434
830 482
830 516
830 669
830 705
830 821
830 831
830 985
876 18
876 20
923 90
923 141
923 242
923 599
923 628
923 630
923 714
923 806
923 819
923 829
923 958
988 38
988 244
988 263
988 264
988 271
988 293
988 299
988 375
988 429
988 439
988 506
988 609
988 631
988 701
988 704
988 710
988 744
988 764
988 801
988 851
988 856
258 394
258 451
258 460
258 545
258 705
258 865
258 889
258 904
258 917
258 939
258 950
258 992
406 169
406 788
406 862
406 886
446 281
446 356
446 361
446 366
446 372
446 377
446 415
446 442
446 500
446 529
446 564
446 610
446 640
446 676
446 727
446 807
446 862
446 921
446 959
446 985
459 222
459 235
459 275
459 307
459 390
459 406
459 419
459 500
459 505
459 559
459 599
459 615
459 625
459 733
459 792
459 828
459 837
459 857
459 903
459 938
459 966
512 30
512 496
512 630
536 391
536 415
536 478
536 613
536 705
536 771
569 702
569 747
593 339
593 445
593 888
593 976
603 373
603 416
603 478
603 561
603 831
603 879
603 959
603 989
644 25
644 56
644 60
644 287
644 473
644 568
644 639
644 811
661 18
661 414
661 418
661 474
661 697
661 707
661 754
661 783
661 801
661 849
661 891
661 947
661 997
688 303
688 636
710 758
710 981
710 989
721 21
721 68
721 93
721 129
721 138
721 172
721 177
721 202
721 270
721 283
721 311
721 327
721 330
721 362
721 487
721 514
721 549
721 565
721 641
721 756
721 772
721 814
721 865
721 916
724 132
724 370
724 469
724 507
724 723
727 43
727 67
727 985
852 121
852 420
852 511
852 551
852 648
852 956
852 990
854 60
854 174
854 220
854 326
854 507
854 636
854 961
871 46
871 202
871 403
871 566
871 650
871 723
871 761
871 814
871 822
871 893
910 75
910 197
910 210
910 278
910 341
910 357
910 422
910 482
910 566
910 580
910 858
910 924
910 959
925 20
925 38
925 65
925 128
925 241
925 245
925 444
925 452
925 551
925 553
925 565
925 664
925 788
925 999
982 104
982 115
982 382
982 391
982 465
982 576
982 605
982 627
982 647
982 656
982 713
982 871
982 883
372 647
372 820
408 181
408 934
408 994
657 30
657 398
657 587
657 665
657 774
657 855
657 998
696 29
696 42
696 67
696 72
696 79
696 83
696 91
696 106
696 109
696 118
696 123
696 126
696 130
696 191
696 204
696 232
696 286
696 311
696 327
696 528
696 635
696 638
696 878
712 222
712 630
712 841
712 980
745 184
745 229
745 340
745 618
745 821
745 940
841 42
841 110
841 199
841 260
841 308
841 370
841 394
841 516
841 532
841 541
841 748
841 749
841 800
841 823
841 828
841 905
861 190
861 241
861 287
861 477
861 601
861 820
861 981
909 37
909 43
909 185
909 251
909 267
909 283
909 437
909 475
909 581
909 609
909 635
909 653
909 725
909 765
909 835
909 901
909 906
909 944
909 965
909 991
288 150
288 303
288 473
288 694
288 717
288 728
288 743
288 773
288 786
288 832
288 856
288 902
288 955
487 30
487 203
487 516
487 741
487 774
487 818
487 850
487 880
487 887
487 903
487 952
505 21
505 114
505 307
505 308
505 339
505 431
505 613
505 649
505 760
505 787
505 814
505 876
505 931
505 934
505 980
588 169
625 73
625 115
625 154
625 184
625 222
625 357
625 478
625 499
625 504
625 590
625 750
625 838
625 926
625 950
698 20
698 30
698 295
698 429
698 553
698 627
824 65
824 117
824 178
824 181
824 223
824 301
824 314
824 357
824 508
824 641
824 645
824 676
824 703
824 853
824 910
824 994
831 146
831 190
831 217
831 269
831 282
831 401
831 467
831 472
831 673
831 919
874 46
874 60
874 63
874 128
874 184
874 362
874 422
874 547
874 588
874 645
874 665
874 804
894 128
894 181
894 203
894 221
894 324
894 410
894 485
894 845
928 81
928 91
928 92
928 122
928 151
928 154
928 234
928 292
928 347
928 354
928 375
928 411
928 440
928 447
928 650
928 735
928 778
928 795
928 916
928 982
949 65
949 95
949 96
949 114
949 132
949 154
949 160
949 177
949 178
949 316
949 379
949 519
949 608
949 627
949 660
949 691
949 707
949 813
949 865
949 887
949 900
949 913
949 973
309 749
309 921
309 958
333 222
343 735
343 820
343 835
343 897
343 913
488 169
488 275
488 526
488 556
488 587
488 673
488 701
488 774
488 823
488 932
490 184
490 217
490 292
490 304
490 426
490 507
490 546
490 624
490 662
490 691
490 753
490 768
490 814
490 854
490 936
490 987
508 615
508 820
508 867
508 904
508 932
508 961
508 989
519 229
549 14
549 67
549 86
549 88
549 169
549 179
549 222
549 322
549 325
549 398
549 406
549 432
549 482
549 483
549 485
549 611
549 626
549 717
549 787
549 906
549 922
549 951
591 83
591 96
591 107
591 119
591 152
591 222
591 237
591 276
591 280
591 302
591 315
591 341
591 358
591 384
591 413
591 440
591 487
591 528
591 538
591 687
591 726
591 756
591 851
591 989
597 255
602 30
648 303
648 324
648 524
648 580
648 623
648 747
686 235
686 295
714 153
714 663
714 904
728 229
751 14
751 54
751 63
751 121
751 169
751 181
751 269
751 314
751 335
751 402
751 532
751 575
751 717
751 735
751 855
789 56
789 73
789 76
789 95
789 98
789 151
789 199
789 202
789 260
789 307
789 469
789 491
789 509
789 622
789 703
789 757
789 778
789 833
789 910
789 943
789 981
839 86
839 110
839 154
839 169
839 222
839 255
839 469
839 478
839 533
839 574
839 683
839 693
839 709
839 720
839 890
839 933
839 992
839 995
891 307
891 401
891 451
891 705
891 842
891 875
891 906
924 14
924 76
924 132
924 138
924 308
924 370
924 402
924 426
924 464
924 491
924 536
924 582
924 936
957 83
957 88
957 97
957 212
957 214
957 218
957 237
957 245
957 286
957 301
957 326
957 351
957 372
957 468
957 480
957 518
957 527
957 601
957 603
957 671
957 725
957 808
957 821
957 850
562 242
562 357
562 403
562 418
562 727
562 758
562 927
565 110
565 402
565 491
565 524
565 701
565 728
786 77
786 221
786 306
786 314
786 512
786 525
786 563
786 566
786 583
786 611
786 630
786 682
786 725
786 777
786 806
786 867
786 891
786 991
800 43
800 60
800 136
800 190
800 599
800 788
800 832
829 75
829 197
829 238
829 255
829 485
829 974
947 27
947 90
947 92
947 115
947 152
947 176
947 223
947 308
947 426
947 531
947 567
947 588
947 704
947 821
947 879
947 939
980 63
369 150
369 222
369 636
369 763
369 791
369 801
369 819
369 881
369 920
369 974
369 980
369 993
435 229
435 307
447 136
447 335
447 362
447 615
447 719
447 740
447 745
447 755
447 845
447 910
447 942
472 675
472 771
665 597
790 255
790 332
790 364
790 398
790 527
790 532
790 575
790 597
790 634
790 738
790 854
790 893
794 68
794 86
794 100
794 157
794 163
794 168
794 180
794 226
794 342
794 421
794 423
794 460
794 464
794 479
794 818
794 887
794 953
794 970
794 990
842 20
842 56
842 63
842 65
842 75
842 91
842 163
842 184
842 223
842 315
842 340
842 447
842 476
842 542
842 566
842 579
842 614
842 623
842 681
842 747
842 963
853 303
853 543
853 615
853 639
853 729
981 60
981 73
981 88
981 117
981 131
981 145
981 255
981 291
981 433
981 512
981 519
981 642
981 705
981 735
981 964
543 157
543 160
543 934
594 77
594 124
594 150
594 175
594 178
594 213
594 274
594 295
594 308
594 356
594 534
594 565
594 709
594 754
594 800
594 820
594 842
594 871
594 931
594 968
674 86
674 121
674 150
674 255
674 274
674 314
674 325
674 332
674 379
674 410
674 470
674 487
674 502
674 643
674 716
674 761
674 940
674 977
697 17
697 333
697 345
697 370
697 373
697 519
697 558
697 599
697 687
697 719
697 893
699 885
754 42
754 98
754 124
754 154
754 171
754 527
754 904
754 961
866 48
866 150
866 154
866 255
875 235
875 240
875 242
875 335
875 370
875 760
875 817
875 964
875 999
888 56
888 67
888 97
888 132
888 148
888 157
888 207
888 218
888 263
888 308
888 351
888 408
888 431
888 539
888 672
888 690
888 698
888 814
888 983
899 75
899 95
899 110
899 136
899 139
899 148
899 158
899 206
899 274
899 323
899 326
899 332
899 382
899 418
899 471
899 481
899 487
899 535
899 596
899 661
899 735
899 785
899 790
899 896
899 928
903 17
903 46
903 54
903 64
903 72
903 163
903 188
903 229
903 396
903 398
903 433
903 500
903 562
903 590
903 623
903 673
903 679
903 697
927 104
927 326
927 346
927 439
927 501
927 570
927 616
927 658
927 823
927 838
927 886
927 913
960 43
960 136
960 141
960 146
960 148
960 172
960 223
960 274
960 325
960 530
960 650
960 653
960 654
960 659
960 760
960 989
367 901
423 932
486 20
486 154
486 220
486 235
486 236
486 242
486 269
486 278
486 547
486 616
486 678
486 717
486 758
500 391
563 124
563 136
563 217
563 275
563 280
563 378
563 463
563 499
563 510
563 567
563 571
563 585
563 653
563 680
563 688
563 778
563 810
563 848
563 900
563 933
563 950
636 21
667 222
667 270
667 412
667 415
667 497
667 517
667 636
667 662
667 868
667 927
667 957
667 987
823 122
823 401
823 429
857 30
857 33
857 65
857 77
857 88
857 173
857 178
857 241
857 307
857 332
857 403
857 521
857 542
857 597
857 646
857 702
857 878
905 20
905 138
905 146
905 223
905 346
905 359
905 403
905 431
905 497
905 608
905 613
905 636
905 768
905 825
905 876
905 906
905 943
905 964
985 235
985 287
297 104
297 121
297 314
297 336
297 377
297 418
297 517
297 521
297 550
297 614
297 674
297 692
297 725
297 757
297 766
297 833
297 862
297 869
297 919
297 952
297 984
297 995
411 422
411 597
573 20
573 92
573 104
573 121
573 220
573 920
649 20
649 63
649 77
649 150
649 339
649 464
649 485
649 554
692 609
692 628
692 666
692 734
692 764
692 827
692 871
692 938
799 21
799 63
799 132
799 339
799 396
799 462
799 658
799 698
799 732
799 760
799 768
799 771
799 855
799 914
801 169
801 197
801 249
801 551
801 627
812 399
812 808
812 951
919 42
919 115
919 169
919 280
919 443
919 504
919 527
919 597
919 687
919 752
919 971
919 991
969 54
969 86
969 92
969 151
969 173
969 231
969 420
969 440
969 453
969 594
969 687
969 691
969 749
969 817
972 132
972 278
972 310
972 364
972 478
972 553
972 580
972 654
972 769
991 202
991 260
991 314
991 402
991 403
991 426
991 524
991 562
991 629
991 653
991 881
991 978
402 114
402 160
845 104
845 169
845 197
845 388
845 431
845 707
845 832
845 940
993 20
993 49
993 77
993 90
993 132
993 624
532 636
737 21
737 346
737 373
737 399
737 444
737 548
737 614
737 645
737 713
737 740
737 750
737 768
769 21
769 77
769 88
769 221
769 340
769 347
769 634
769 724
769 788
463 197
463 269
463 347
463 394
463 433
463 507
463 554
463 750
463 854
463 881
780 60
780 75
780 76
780 136
780 242
780 378
780 518
780 519
780 524
780 843
780 854
780 891
780 971
844 25
844 60
844 190
844 203
844 352
844 382
844 514
844 547
844 570
844 588
844 654
844 764
926 73
926 143
926 153
926 173
926 179
926 212
926 335
926 339
926 410
926 423
926 505
926 523
926 809
926 910
961 29
961 81
961 181
961 213
961 443
961 727
990 163
990 178
990 291
990 399
990 518
990 639
990 757
990 805
990 875
618 291
618 359
618 932
887 63
887 90
887 136
887 171
887 238
887 303
887 380
887 416
887 686
887 732
887 877
887 893
887 931
887 955
779 217
779 295
779 310
779 465
779 732
779 792
779 903
966 37
966 42
966 67
966 119
966 124
966 172
966 202
966 207
966 238
966 249
966 303
966 346
966 394
966 416
966 432
966 788
966 808
966 958
966 961
966 971
425 308
425 378
425 432
425 445
425 523
425 675
425 723
425 799
425 812
425 841
425 885
425 908
425 998
598 114
598 445
598 663
598 729
598 801
598 991
877 138
877 153
877 190
877 245
877 356
877 518
877 705
877 758
877 764
877 940
877 974
678 54
678 67
678 95
678 148
678 154
678 163
678 217
678 260
678 336
678 362
678 491
678 665
862 77
862 204
862 732
862 886
540 817
540 907
540 963
703 134
703 443
703 747
703 844
703 895
849 114
849 377
849 391
849 580
849 605
849 705
849 869
849 907
873 29
873 122
873 163
873 169
873 565
873 893
992 100
992 119
992 128
992 177
992 185
992 507
992 520
992 700
992 954
732 75
732 77
732 876
761 178
761 203
761 210
761 222
761 282
761 469
761 520
761 531
761 546
761 562
761 586
761 662
761 709
761 857
761 886
995 29
995 107
995 131
995 171
995 203
995 220
995 270
995 293
995 347
995 359
995 366
995 452
995 487
995 505
995 561
995 663
995 693
995 910
995 989
742 114
742 136
742 230
742 364
742 412
742 639
742 805
742 822
742 925
719 60
719 110
719 464
719 516
719 524
719 582
719 904
380 335
380 391
380 728
956 145
956 932
680 88
680 110
680 115
680 190
680 222
680 276
680 354
680 361
680 370
680 380
680 419
680 644
680 864
680 926
774 77
774 210
950 90
950 117
950 124
950 210
950 236
950 251
950 445
950 671
950 874
950 886
950 985
621 228
621 280
621 323
621 389
621 422
621 462
621 481
621 497
621 506
621 542
621 544
621 572
621 585
621 595
621 603
621 619
621 633
621 653
621 722
621 850
621 865
621 898
670 38
670 46
670 110
670 163
670 174
670 599
670 859
670 970
999 65
999 73
999 88
999 122
999 124
999 223
999 275
999 345
999 353
999 363
999 386
999 500
999 545
999 636
999 658
999 809
349 242
349 558
349 701
349 920
349 931
349 936
349 994
624 77
624 203
624 220
722 190
722 242
722 351
722 396
722 401
722 411
722 472
722 509
722 714
722 787
722 853
722 884
722 906
722 922
722 982
822 153
822 223
822 278
822 388
822 396
822 402
822 414
822 451
822 478
822 707
963 54
963 63
963 67
963 190
963 197
963 217
963 245
963 308
963 335
963 645
914 75
914 86
914 92
914 154
914 516
914 693
914 707
914 728
914 734
914 784
914 820
914 910
914 964
984 43
984 98
984 172
984 210
984 223
984 249
984 380
663 307
994 122
994 184
994 221
994 224
994 433
994 556
546 86
546 136
614 110
614 204
614 255
614 496
986 67
986 128
986 154
986 452
986 497
986 531
986 547
986 554
986 590
986 724
626 114
626 134
626 213
626 251
626 613
626 907
606 255
606 445
606 462
606 531
606 609
606 877
606 981
931 65
931 88
931 115
931 175
931 214
931 324
931 398
931 436
931 807
859 141
859 432
859 630
859 878
979 60
979 68
979 75
979 76
979 90
979 107
979 234
979 267
979 273
979 284
979 300
979 403
979 472
979 493
979 616
979 622
979 803
979 851
979 884
979 912
