0 17
0 26
0 29
0 37
0 40
0 42
0 47
0 51
0 54
0 61
0 65
0 82
0 89
0 94
2 62
2 71
2 81
3 31
3 73
3 82
4 11
4 13
4 16
4 19
4 22
4 67
4 97
6 87
7 81
7 91
8 39
8 56
8 89
10 20
10 27
10 44
10 77
10 86
11 71
11 87
12 31
12 89
13 5
13 77
13 89
13 91
15 56
15 62
15 81
15 83
15 99
16 81
16 86
16 93
17 31
17 43
17 62
17 69
17 85
18 1
18 85
19 37
19 40
19 44
19 55
19 57
19 65
19 69
19 74
19 87
19 93
20 1
21 32
21 52
21 60
21 71
21 96
22 31
22 51
22 58
22 60
22 72
22 74
22 80
22 95
26 62
29 5
29 56
29 77
29 86
30 43
30 49
30 52
30 71
30 81
30 87
37 26
37 55
37 75
39 10
39 13
39 14
39 23
39 25
39 54
39 66
39 72
39 75
40 26
40 52
40 71
40 85
41 33
41 46
41 54
41 68
42 62
42 83
44 5
47 1
47 12
47 17
47 81
51 15
51 21
51 30
53 16
53 20
53 25
53 32
53 40
53 90
53 97
54 6
54 11
54 18
54 21
57 33
57 69
57 89
61 39
61 42
61 63
61 94
63 12
63 16
63 34
63 70
63 91
65 17
65 18
65 46
74 11
74 17
74 27
74 39
74 66
74 68
74 77
74 91
82 15
82 22
82 29
82 38
82 66
82 69
88 0
88 6
88 11
88 19
88 25
88 43
88 97
90 18
90 21
90 77
94 13
94 48
94 53
94 57
94 80
96 11
96 34
96 93
23 1
23 44
23 69
24 31
24 52
24 99
38 46
38 51
38 68
38 77
38 86
43 1
43 69
67 1
67 31
67 50
67 56
67 80
77 1
77 44
77 93
25 36
25 47
25 55
25 65
25 85
25 89
25 99
35 43
35 57
46 27
46 40
46 55
46 69
50 12
50 27
50 58
50 64
50 73
52 62
56 7
56 12
56 65
56 90
58 69
58 95
64 20
64 22
64 42
64 43
64 56
64 98
70 55
70 57
70 80
70 99
78 2
78 7
78 18
78 32
81 75
98 2
98 27
98 32
98 52
98 70
32 17
32 33
32 52
55 14
55 24
55 52
55 69
55 78
55 85
72 20
72 40
72 53
73 24
73 29
73 35
73 36
73 41
73 85
95 30
95 46
93 36
93 87
97 81
97 86
75 52
84 5
84 12
84 26
84 28
84 48
84 74
84 92
34 71
34 93
69 6
92 7
92 16
92 32
92 33
92 34
92 56
92 63
92 89
92 99
59 22
59 25
59 27
86 23
86 30
86 66
91 11
91 17
91 35
28 31
28 70
76 9
76 24
76 49
45 9
45 31
45 50
45 64
45 68
45 78
99 10
99 16
99 36
99 60
48 41
48 46
48 54
48 81
48 91
60 26
60 47
79 20
79 71
79 76
79 91
83 62
80 12
80 18
80 25
80 34
80 58
80 60
68 39
68 72
68 76
68 96
