0 236
999 24
999 32
999 44
999 45
999 46
999 48
999 259
999 314
999 336
999 403
999 426
999 427
999 484
998 38
998 45
998 46
998 96
998 417
998 446
998 486
998 530
998 659
998 776
998 955
998 956
998 964
998 965
998 966
998 970
998 977
998 979
998 981
998 982
998 987
998 989
998 991
998 993
998 997
997 999
996 962
996 970
996 999
5 53
5 891
5 463
995 211
995 218
995 250
995 357
995 368
995 438
995 540
995 805
995 946
995 952
995 953
995 955
995 964
995 966
995 968
995 972
995 975
995 977
995 979
7 50
7 56
7 247
7 930
7 651
7 347
7 518
7 856
7 814
7 812
7 487
992 337
992 406
992 412
992 727
992 831
992 863
992 947
992 948
992 951
992 956
992 962
992 970
992 975
992 977
992 980
992 982
992 983
992 986
992 988
992 989
992 993
992 995
992 997
992 999
9 134
991 851
991 870
991 973
991 978
991 979
991 997
10 57
10 421
10 888
10 784
10 411
10 140
10 149
990 39
990 949
990 952
990 953
990 962
990 964
990 966
990 970
990 972
990 975
990 976
990 981
990 982
990 987
990 989
990 996
988 331
988 377
988 507
988 516
988 597
988 640
988 719
988 946
988 948
988 952
988 953
988 955
988 956
988 960
988 972
988 975
988 978
988 979
988 981
988 985
988 986
988 991
988 993
988 996
988 999
13 964
13 658
13 820
13 266
13 626
13 735
13 892
13 550
13 480
13 797
987 379
987 614
987 656
987 944
987 951
987 962
987 964
987 970
987 999
14 57
14 303
14 270
14 119
14 53
14 600
985 12
985 30
985 191
985 472
985 537
985 739
985 823
985 937
985 939
985 944
985 950
17 900
17 277
17 416
17 395
17 772
17 736
17 219
17 429
983 6
983 11
983 14
983 20
983 26
983 31
983 124
983 158
983 159
983 360
983 594
983 700
983 836
983 888
983 937
983 941
983 949
983 952
983 962
983 975
983 982
983 988
983 991
983 993
983 996
983 998
18 65
18 416
18 83
18 674
18 689
18 356
18 288
982 27
982 91
982 289
982 374
982 501
982 502
982 711
982 751
982 763
982 782
982 915
982 939
982 944
982 946
982 953
982 955
982 956
982 970
982 972
19 65
19 285
19 457
981 26
981 75
981 244
981 594
981 598
981 670
981 756
981 950
981 951
981 962
981 964
981 999
980 26
980 431
980 947
980 960
980 965
980 966
980 972
980 973
980 974
980 978
980 981
980 983
980 987
980 991
980 993
980 995
980 997
980 999
21 654
21 194
21 773
979 955
979 964
22 359
978 999
976 947
976 964
976 966
976 970
25 357
975 14
975 16
975 19
975 20
975 22
975 39
975 44
975 112
975 262
975 302
975 366
975 481
975 714
975 937
975 944
975 953
975 962
974 12
974 61
974 537
974 610
974 659
974 933
974 947
974 964
974 970
974 971
974 972
974 977
974 979
974 982
974 985
974 987
974 989
974 996
974 998
27 130
27 256
27 568
973 939
973 941
973 944
973 946
973 951
973 953
973 955
973 979
28 687
28 238
28 789
28 380
28 429
28 154
28 384
28 127
29 378
29 833
29 229
29 752
29 346
29 290
29 422
29 276
971 11
971 12
971 16
971 26
971 937
971 951
971 953
971 955
971 990
971 993
971 995
971 997
971 999
30 179
970 571
970 623
31 262
968 53
968 136
968 257
968 406
968 486
968 510
968 582
968 717
968 723
968 775
968 920
968 925
968 979
968 999
33 984
33 84
33 448
33 630
33 126
33 241
33 820
33 907
33 521
967 120
967 720
967 944
967 955
967 962
967 964
967 966
967 972
967 979
967 989
967 991
967 998
34 79
34 291
34 733
34 629
34 600
34 461
34 360
34 677
34 463
34 336
34 292
34 382
34 146
34 266
34 856
35 83
35 123
35 592
35 196
35 152
35 369
35 742
35 148
35 120
35 267
35 228
35 738
965 100
965 321
965 571
965 625
965 742
965 789
965 886
965 920
965 921
965 922
965 933
965 944
965 951
965 955
965 956
965 962
965 964
965 968
965 972
965 978
965 981
965 997
965 999
36 83
36 455
36 88
36 253
36 837
36 961
36 492
36 500
37 143
37 211
37 787
37 576
37 800
37 437
37 802
37 580
37 816
37 612
963 152
963 234
963 365
963 599
963 914
963 920
963 921
963 922
963 924
963 930
963 933
963 937
963 941
963 944
963 946
963 950
963 956
963 962
963 964
963 966
963 968
963 970
963 979
963 989
963 991
963 993
963 995
963 973
961 162
961 206
961 310
961 708
961 739
961 747
961 914
961 921
961 939
961 944
961 960
961 965
961 968
961 970
961 973
961 975
961 977
961 982
961 984
961 988
961 993
961 996
961 999
960 1
960 119
960 168
960 181
960 913
960 920
960 955
960 964
960 972
41 79
41 83
41 86
41 305
41 296
41 905
41 916
41 245
41 229
41 955
41 262
41 655
959 953
959 962
959 964
959 979
959 983
959 985
959 988
959 991
959 993
959 995
959 999
42 483
42 184
42 458
42 363
958 920
958 955
958 975
958 978
958 981
958 985
958 989
958 992
958 994
958 996
958 998
43 218
43 925
43 698
43 909
43 136
43 656
956 1
956 2
956 165
956 194
956 255
956 553
956 604
956 913
956 920
956 953
956 955
954 215
954 219
954 241
954 567
954 607
954 913
954 921
954 925
954 955
954 985
954 987
954 990
954 992
954 994
954 969
47 734
47 425
47 343
47 915
48 373
48 455
49 1
49 39
49 57
49 86
49 88
49 367
49 250
49 168
49 482
49 976
49 333
49 717
951 55
951 166
951 302
951 454
951 845
951 854
951 902
951 912
951 922
186 154
186 163
186 171
186 440
186 246
186 239
156 107
156 120
156 123
156 140
776 55
776 324
776 346
776 461
776 760
776 765
815 12
815 270
815 831
655 610
655 628
655 635
655 637
655 640
655 649
655 697
655 702
655 704
655 862
655 725
655 915
348 68
348 318
348 365
348 724
348 808
348 477
348 766
348 742
729 123
729 717
729 734
729 749
729 757
729 760
729 762
729 774
729 797
780 0
780 818
780 852
202 372
211 163
211 171
377 357
288 256
288 262
288 269
288 317
288 324
288 328
288 330
288 332
288 335
288 408
288 783
288 441
288 710
288 501
288 930
288 414
288 519
288 646
844 304
844 588
264 45
264 57
264 250
55 39
861 483
861 551
861 576
861 845
577 195
577 530
577 623
577 706
577 888
183 140
183 161
183 228
121 83
121 90
121 152
121 157
121 169
326 136
326 206
326 283
326 284
326 298
326 303
326 315
326 318
326 345
326 349
326 357
326 359
326 361
326 670
326 419
326 930
326 541
326 650
326 523
326 494
326 398
526 38
526 68
526 219
526 477
526 483
526 518
3 783
3 492
994 691
994 970
994 973
994 981
994 982
994 983
994 986
994 988
994 989
994 992
994 993
994 996
994 999
993 39
993 136
993 760
993 803
993 882
993 953
993 955
993 964
993 966
993 978
993 979
993 987
993 990
993 991
993 995
993 997
993 999
989 173
989 264
989 452
989 573
989 822
989 947
989 950
989 970
989 995
989 997
20 65
20 91
977 944
977 953
977 955
977 962
977 972
977 999
972 169
972 189
972 304
972 331
972 619
969 955
969 962
969 966
969 976
969 979
969 981
969 985
969 988
969 991
969 994
969 996
969 998
966 1
966 6
966 12
966 45
966 119
966 152
966 283
966 330
966 587
966 925
966 939
966 941
966 947
966 972
966 979
38 152
38 224
38 283
38 109
964 11
964 157
964 171
964 272
964 376
40 87
40 223
40 684
40 778
40 433
40 182
40 735
40 156
40 49
40 919
40 178
957 323
957 436
957 649
957 944
957 979
957 992
957 994
957 996
957 998
608 1
608 576
608 588
608 647
390 165
390 408
390 414
390 417
390 429
390 431
390 434
390 438
390 456
390 528
390 881
390 501
390 540
390 844
454 1
454 109
454 172
454 181
454 408
321 285
314 1
314 231
314 359
314 556
314 703
314 427
314 498
314 426
251 283
251 300
251 370
251 663
251 761
251 553
251 875
251 541
251 830
251 813
251 987
739 1
739 32
739 276
739 297
739 369
739 516
873 189
873 834
873 839
873 845
873 849
873 859
873 861
873 863
873 870
873 876
873 888
873 890
873 892
873 898
873 900
873 902
873 904
873 906
873 908
873 911
873 913
873 916
873 918
873 920
873 940
639 1
639 172
639 457
639 524
639 542
639 605
639 607
535 571
535 997
535 813
535 772
535 994
535 586
193 1
193 57
193 154
193 161
193 231
193 463
193 484
193 417
193 477
193 305
357 256
418 1
418 250
418 401
418 406
418 464
418 467
418 578
418 888
418 501
418 768
418 841
738 1
738 714
738 719
738 734
738 781
738 783
738 785
738 787
738 830
738 989
431 408
431 414
428 1
428 274
428 414
832 1
832 608
832 799
832 804
832 851
832 855
832 857
832 862
832 864
832 866
832 869
832 872
832 877
832 879
832 881
832 924
877 398
877 630
877 640
877 837
877 845
877 854
877 855
877 856
877 857
877 876
877 882
877 886
877 891
877 895
877 898
877 900
877 905
877 907
877 911
877 913
877 918
877 921
877 925
877 954
877 985
587 1
587 45
587 576
587 851
587 861
789 68
789 127
789 749
789 755
789 762
789 775
789 797
789 805
789 807
789 814
789 816
789 836
789 870
157 1
261 228
548 1
548 79
548 87
548 321
548 505
548 507
548 515
548 516
548 518
548 520
548 530
548 568
548 579
548 586
548 594
548 596
548 989
548 809
548 957
548 974
718 143
718 687
718 702
718 754
718 758
718 761
718 764
718 766
718 946
718 860
718 950
617 1
617 189
617 210
617 580
617 643
617 647
617 649
617 659
617 661
617 663
617 665
617 696
617 968
617 905
617 939
617 839
929 464
929 579
929 882
929 888
929 892
929 907
929 946
929 948
929 951
929 954
929 956
929 960
929 962
929 966
929 968
929 971
929 974
929 976
929 993
472 1
472 116
472 300
472 520
472 549
472 538
919 888
919 896
919 921
919 928
919 932
919 936
919 938
919 940
919 943
919 945
919 948
919 950
919 953
919 955
919 960
919 962
919 966
919 968
919 989
4 939
8 471
8 321
8 681
8 364
8 156
8 166
8 271
8 777
15 63
15 369
15 408
15 79
15 308
15 95
15 613
15 818
15 286
986 953
986 955
986 975
986 976
986 977
986 978
986 987
986 989
986 991
986 993
986 995
986 997
984 20
984 24
984 32
984 193
984 302
984 371
984 416
984 466
984 505
984 531
984 714
984 947
984 951
984 955
984 956
984 960
984 964
984 965
984 970
984 971
984 976
984 977
984 978
984 979
984 980
984 981
984 985
984 990
984 994
984 997
23 764
23 850
23 453
23 408
23 608
51 39
51 191
51 878
51 938
51 342
609 2
609 56
609 127
609 156
609 208
609 398
609 568
609 580
609 594
609 598
609 607
609 610
609 612
609 624
609 628
609 635
609 637
609 639
609 642
609 645
609 648
609 651
609 653
609 658
609 794
609 715
609 865
609 907
558 518
558 605
558 647
761 143
761 300
761 385
761 441
761 466
761 714
761 749
761 760
761 788
761 792
761 794
761 797
761 799
761 803
761 807
761 810
761 874
761 833
647 303
387 490
387 416
101 57
101 83
113 120
113 157
113 159
113 305
113 744
113 957
113 241
113 849
113 715
113 552
113 701
113 390
711 2
711 57
711 331
711 714
711 744
711 746
711 755
711 757
711 759
711 876
711 892
304 39
304 283
304 285
304 293
281 236
281 244
281 247
281 250
281 262
281 746
281 470
281 526
281 527
281 620
209 168
209 171
209 181
209 231
209 234
209 236
209 250
209 257
209 346
209 540
209 488
209 819
209 710
209 712
209 585
853 38
853 210
853 268
853 371
853 555
853 653
853 724
853 810
853 834
853 839
853 844
853 852
853 854
853 860
853 863
853 865
853 868
853 872
853 876
853 879
853 882
853 886
853 888
853 893
853 901
853 974
853 961
627 261
627 319
627 576
627 586
627 607
627 808
627 721
627 678
579 2
579 16
579 261
579 610
579 612
579 623
579 724
579 656
938 171
938 319
938 463
938 896
938 898
938 902
938 907
938 944
938 962
938 964
938 966
938 970
938 972
938 974
938 978
938 980
938 983
938 986
469 408
469 455
469 459
469 463
469 464
469 477
469 479
469 482
469 484
469 488
469 490
469 492
469 495
469 497
469 500
469 503
469 507
469 510
469 513
469 517
469 945
469 866
469 689
469 981
469 836
469 566
469 971
561 518
485 285
485 293
485 511
485 516
485 518
485 520
485 522
485 524
485 526
485 531
485 729
476 74
476 250
476 728
476 838
476 581
822 300
822 367
822 504
638 46
638 231
638 331
638 468
638 480
638 589
638 610
638 637
638 683
638 685
638 687
638 971
638 723
525 12
525 297
525 507
525 520
525 537
525 545
525 549
525 551
525 555
525 565
525 573
525 880
525 722
525 785
525 836
525 980
566 2
566 150
566 524
44 159
52 86
52 90
52 513
52 935
52 216
52 396
52 574
52 158
52 749
52 128
52 862
757 208
757 605
757 687
699 414
699 557
699 800
78 39
78 90
78 117
78 120
78 357
78 169
78 277
78 480
78 698
78 650
200 157
200 163
200 321
127 86
921 468
58 146
58 959
58 610
58 738
58 366
435 56
435 130
506 477
506 483
506 490
506 527
506 538
506 540
506 542
506 703
506 840
506 529
506 877
606 195
606 464
606 466
606 555
606 557
606 568
606 571
606 576
606 580
606 594
606 639
606 641
606 643
606 647
606 649
606 655
606 757
606 801
769 26
769 298
769 305
769 551
769 815
769 817
769 867
769 938
894 869
894 876
894 879
894 886
894 888
894 905
894 907
894 909
894 918
894 921
894 923
894 927
894 929
894 931
894 933
894 935
894 937
894 939
894 941
894 954
894 946
148 107
148 119
148 120
148 404
148 840
148 174
148 930
148 642
148 401
148 203
132 83
132 107
132 171
132 179
132 181
132 559
132 241
132 715
132 518
132 588
683 649
683 717
683 719
683 725
683 727
683 730
683 732
683 875
683 855
683 695
683 989
601 69
601 130
601 349
601 403
601 576
783 479
783 483
783 538
783 612
492 408
492 416
492 495
492 504
492 508
492 511
492 515
492 517
492 520
492 522
492 524
492 527
492 529
492 531
492 534
492 537
492 539
492 613
492 561
492 720
492 682
271 269
271 282
271 284
271 297
271 303
271 308
271 312
271 315
271 317
271 907
271 913
271 843
271 815
271 763
271 928
271 765
271 800
271 616
271 430
307 908
307 326
927 773
927 799
927 972
927 975
105 285
105 469
105 470
105 245
342 236
342 318
342 355
342 359
342 376
342 381
342 383
342 387
342 390
342 793
342 475
342 804
342 958
342 835
342 430
342 707
678 69
678 161
678 451
678 463
678 623
678 720
678 722
678 724
678 726
678 815
678 789
678 941
678 728
678 732
753 182
753 734
570 438
570 457
570 524
570 526
570 612
570 764
570 746
570 787
570 913
217 79
217 168
217 210
740 408
740 440
740 457
740 524
740 691
740 702
740 708
740 709
740 716
740 717
740 719
740 733
740 739
740 754
740 756
740 760
740 762
740 772
740 774
740 777
740 780
740 784
740 787
740 958
740 881
740 962
499 973
499 841
499 645
499 561
499 706
499 966
940 697
940 804
940 896
940 898
940 902
940 907
940 921
940 960
940 965
940 967
940 971
940 974
940 979
940 982
940 984
940 988
940 995
744 639
744 697
744 703
744 719
96 57
96 732
917 959
917 961
917 963
917 965
917 973
643 250
643 366
643 468
643 571
643 605
643 607
808 566
808 760
808 773
808 799
939 79
939 154
939 345
939 376
939 377
924 83
924 88
924 457
924 550
924 664
924 882
924 888
924 890
924 902
54 98
54 773
54 861
54 177
54 720
54 528
54 843
54 227
54 256
54 607
54 990
325 95
325 127
325 282
325 285
325 289
325 670
325 422
325 910
325 797
325 801
394 79
394 168
394 228
394 284
394 357
394 359
394 361
394 365
394 366
394 367
394 426
394 428
394 432
394 434
394 437
394 439
394 441
394 443
394 819
394 942
394 486
394 869
394 772
394 769
394 967
394 905
141 98
141 168
141 172
141 175
141 177
141 179
141 181
141 495
141 556
141 204
141 516
141 946
141 779
141 216
141 416
141 772
141 912
207 210
207 560
207 338
240 12
240 123
240 231
240 269
240 274
240 284
240 306
240 440
240 497
240 871
240 502
240 984
240 849
240 979
94 57
94 941
94 920
94 809
94 525
118 39
118 57
118 86
118 120
118 152
118 154
118 156
118 161
118 163
118 165
118 365
118 270
118 273
118 879
118 740
118 865
118 910
340 98
340 211
340 298
340 385
340 388
340 544
340 464
782 11
782 181
782 760
504 6
611 586
611 594
611 607
611 653
611 659
229 119
229 134
229 181
229 189
229 222
229 224
229 231
229 234
229 236
229 244
229 247
229 256
229 262
229 270
229 275
229 624
229 389
229 454
229 241
229 723
229 900
229 653
229 936
788 298
788 734
788 773
788 799
788 834
555 373
555 520
746 315
746 357
746 774
746 778
746 781
746 794
746 833
278 152
278 234
278 236
278 244
278 245
278 384
714 11
714 57
714 117
726 383
726 495
726 526
726 687
726 691
726 696
726 717
726 734
726 749
726 759
726 773
726 775
726 799
874 83
874 107
874 123
874 165
874 490
874 697
874 717
874 720
874 744
874 833
874 844
874 855
874 882
874 892
874 896
874 898
874 900
874 902
874 905
874 908
874 910
874 912
874 915
874 919
874 921
874 923
874 963
891 202
891 278
891 296
891 310
891 327
891 656
891 682
891 844
891 845
891 849
891 851
891 854
891 861
891 863
891 876
891 888
891 902
891 927
891 929
891 931
891 935
891 937
891 940
899 717
899 750
899 764
899 855
899 863
899 870
899 876
899 882
899 888
899 896
899 902
899 921
899 933
899 935
899 937
899 940
899 943
899 945
899 947
899 952
888 6
338 298
338 300
850 6
850 55
850 165
850 482
850 834
850 877
850 879
850 881
850 883
850 885
850 887
850 889
850 891
850 893
850 895
850 897
99 790
99 638
99 644
99 164
99 586
99 643
470 6
470 109
856 6
856 56
856 116
856 157
572 975
572 749
572 902
749 6
749 65
749 222
749 284
749 416
715 331
715 668
715 708
715 749
715 753
715 755
715 757
715 759
715 834
715 896
460 507
460 932
460 704
630 6
630 115
630 283
630 361
630 610
512 6
727 6
585 6
585 538
585 571
585 576
585 586
585 616
585 618
585 620
585 623
585 626
585 629
585 633
585 824
585 929
585 911
344 6
344 231
344 289
344 318
344 384
344 388
344 390
344 875
344 817
344 634
344 586
344 773
344 603
687 6
687 522
687 526
687 670
624 6
624 179
624 208
624 359
624 580
624 586
624 588
624 594
196 6
196 222
196 224
196 231
196 236
196 244
196 438
196 928
196 816
196 352
196 899
196 453
196 448
610 576
785 107
785 765
785 773
785 797
785 799
785 804
785 815
785 819
785 821
785 827
785 831
785 833
785 892
785 903
634 177
634 233
634 262
634 451
634 533
634 576
634 612
634 635
634 640
634 670
634 674
634 676
634 678
634 680
634 683
634 853
634 969
634 748
864 306
864 818
864 833
864 836
864 839
864 855
864 897
864 899
864 903
864 905
864 908
864 910
864 912
930 274
930 454
930 608
930 668
930 887
930 902
930 905
930 920
930 922
498 537
651 261
651 403
651 484
651 696
651 963
347 163
347 365
347 661
347 942
347 551
347 968
347 553
347 835
347 482
593 115
593 277
593 588
593 607
593 612
593 625
593 630
593 633
593 635
593 638
593 640
593 829
593 833
593 879
593 871
593 938
593 950
518 367
327 234
327 285
327 293
327 300
490 130
490 138
490 143
490 236
814 45
814 274
814 293
875 659
875 839
875 994
875 975
875 967
812 854
812 856
812 932
607 459
487 345
487 454
487 457
487 463
487 477
487 479
487 490
487 495
487 511
487 513
487 515
487 517
487 524
487 526
487 530
487 532
487 604
487 489
487 610
487 754
487 657
398 357
398 359
398 365
791 65
791 468
791 530
791 749
791 760
791 762
791 797
791 807
791 810
791 817
791 820
791 825
791 827
791 829
791 834
791 837
791 840
791 951
791 874
791 943
791 988
821 90
821 256
821 775
821 799
821 804
821 807
821 808
821 818
821 823
821 825
821 827
821 831
821 833
821 835
821 837
821 842
821 844
821 847
821 851
821 854
821 857
821 859
821 861
821 863
821 867
821 869
821 895
821 982
350 90
350 98
350 303
350 315
350 318
350 324
350 336
350 365
350 457
350 470
350 767
350 368
350 560
350 743
471 56
471 495
471 505
471 507
471 515
471 518
471 520
471 593
471 987
471 541
471 828
800 53
800 377
800 417
800 466
800 488
800 515
800 643
800 755
800 757
800 760
800 775
800 799
800 839
800 842
800 844
800 848
800 985
451 57
681 79
681 398
681 438
681 714
681 723
681 725
681 730
681 771
681 922
681 807
681 936
681 739
741 30
741 133
741 146
741 538
741 772
741 774
741 789
741 843
741 971
741 800
364 336
364 345
364 359
364 403
364 405
364 409
364 412
364 489
364 800
364 469
364 621
364 511
616 181
616 571
616 576
616 586
616 656
616 660
616 898
616 885
616 811
616 985
166 127
153 778
153 900
153 482
153 608
153 822
153 246
153 216
153 787
153 698
949 25
949 365
949 482
949 558
949 612
949 625
777 470
777 702
777 731
777 744
777 749
777 764
777 807
777 810
777 814
777 817
777 820
777 823
777 826
777 844
777 829
837 9
837 72
837 130
837 154
837 163
837 336
837 340
837 371
837 467
837 795
491 256
491 616
491 682
491 931
491 769
491 866
534 9
534 25
534 68
534 90
534 119
534 505
534 507
534 515
534 520
534 526
534 530
534 538
534 542
534 545
534 555
534 557
534 559
534 561
534 565
534 567
534 579
534 581
534 653
534 802
534 957
534 742
534 846
534 922
495 490
391 361
391 438
391 480
391 998
391 895
391 859
391 931
391 524
391 838
391 520
403 9
403 181
403 283
403 357
403 359
403 361
403 365
403 384
750 122
750 244
750 310
750 370
750 435
750 441
750 604
750 625
750 760
750 795
750 797
750 799
895 851
895 852
895 854
895 870
895 933
895 935
895 938
895 941
895 948
895 962
332 345
332 359
332 361
332 365
332 372
332 646
332 654
332 794
332 961
412 9
61 91
61 98
61 154
61 463
61 272
295 9
295 117
295 262
295 285
295 329
295 332
295 335
295 337
295 340
295 342
295 344
295 751
295 452
295 464
295 642
295 372
450 408
450 440
450 441
450 455
450 457
450 459
450 461
450 463
450 468
450 472
450 474
450 481
450 484
450 492
450 496
450 499
450 818
450 754
450 751
450 889
450 529
450 796
450 650
450 639
450 706
450 924
450 913
493 537
493 797
493 607
493 771
537 9
537 19
537 115
537 116
537 168
537 262
537 490
537 507
871 854
871 857
871 861
871 863
871 882
871 908
871 911
871 915
871 918
871 943
871 976
177 261
177 403
177 454
134 120
494 181
494 398
494 685
494 766
494 871
152 120
152 127
142 161
142 163
142 168
142 182
142 188
142 191
142 268
142 257
142 376
142 459
908 9
908 361
908 653
908 870
908 876
908 882
908 930
908 933
908 938
908 940
908 943
908 945
908 948
908 953
908 957
908 998
918 640
918 775
918 804
918 967
918 985
429 115
429 384
429 408
429 449
429 451
429 454
429 458
429 461
429 463
429 465
429 467
429 472
429 474
429 477
429 702
429 901
429 487
429 626
429 879
429 923
272 247
272 321
272 355
813 797
813 810
813 839
813 844
813 851
813 854
653 213
653 256
653 635
653 637
713 50
713 406
713 714
713 751
713 754
713 756
713 759
713 761
713 981
713 872
413 384
413 414
413 434
413 438
413 452
413 454
413 457
413 814
413 727
413 560
413 758
945 600
945 898
945 920
945 921
945 922
945 972
945 979
945 981
945 987
945 991
945 993
626 131
626 213
626 588
626 589
626 594
626 605
626 610
626 628
626 640
626 644
626 649
626 656
626 674
626 740
626 931
626 953
626 909
626 940
626 779
287 222
287 250
287 304
287 769
287 382
287 902
287 454
455 69
455 406
455 412
455 414
455 417
668 222
668 628
649 302
81 39
81 45
81 83
81 539
81 325
81 922
81 518
81 193
81 649
434 408
539 557
539 559
539 566
539 733
539 747
539 682
239 210
239 740
444 134
444 406
444 408
444 436
444 438
444 455
444 464
444 466
444 468
444 470
444 477
444 483
444 488
444 490
444 649
444 816
444 794
444 924
444 986
867 902
867 907
867 910
867 912
867 914
67 964
67 255
265 361
265 315
265 964
265 795
265 352
784 157
784 161
784 172
784 302
784 306
784 455
784 520
784 831
784 984
784 921
417 91
417 117
417 261
417 373
417 377
417 384
417 408
411 116
411 367
411 384
411 408
411 414
411 431
411 436
411 438
411 440
411 449
411 451
411 453
411 457
411 459
411 991
411 470
411 574
411 956
411 617
411 947
411 678
411 742
707 660
707 702
707 743
707 745
707 747
707 750
707 753
707 858
707 980
60 109
60 161
60 852
60 289
60 533
60 716
60 155
60 824
60 664
762 56
762 213
762 285
724 406
724 505
724 555
724 717
126 83
126 120
126 168
126 172
126 545
126 857
126 672
126 387
126 604
126 821
146 98
146 107
146 120
146 261
146 408
397 11
397 373
397 384
397 436
397 438
397 506
397 834
578 11
578 26
578 134
578 537
578 542
578 555
578 568
578 576
578 588
578 604
578 610
578 612
578 622
578 625
578 635
578 816
578 797
578 978
578 972
578 759
375 11
375 345
375 359
375 414
375 377
375 515
594 11
594 586
932 455
932 685
932 887
932 902
932 922
932 959
932 961
932 963
932 966
932 968
932 970
932 974
932 979
932 981
311 11
311 39
311 269
311 289
311 293
311 350
311 352
311 356
311 358
311 360
311 608
311 410
311 615
311 380
311 506
942 387
942 468
942 472
942 533
942 900
942 902
942 907
942 913
942 921
942 991
942 997
103 530
103 896
276 236
276 317
406 366
406 367
406 373
530 12
530 172
405 168
405 365
533 231
533 518
73 115
73 117
73 119
73 760
73 974
73 346
73 584
73 375
73 202
73 742
532 507
532 670
804 12
804 228
804 317
773 250
227 250
227 256
227 274
473 12
473 136
473 245
473 431
473 477
473 505
473 507
473 520
473 522
473 692
743 327
743 359
743 607
743 717
743 727
743 773
743 778
743 781
743 791
743 793
743 814
743 846
910 12
910 285
910 448
910 481
910 550
910 601
910 697
910 760
910 851
910 863
910 870
910 876
854 845
129 83
129 86
129 163
129 169
129 171
129 177
129 226
129 144
129 745
129 800
129 471
129 272
129 607
59 39
59 45
59 88
59 117
59 477
59 894
59 743
59 329
59 160
59 628
59 951
59 200
59 902
59 933
59 792
59 699
59 94
59 577
59 376
59 814
62 107
62 302
62 120
62 748
62 880
62 504
442 116
442 189
442 404
442 414
442 466
442 478
442 483
442 485
442 488
442 789
442 444
442 977
442 752
442 592
442 755
442 757
442 561
658 90
658 338
658 640
658 877
658 735
658 896
266 107
266 236
266 244
266 250
266 262
266 293
266 298
266 995
266 475
266 916
266 760
266 897
266 629
266 741
317 285
317 293
735 48
735 142
735 403
735 431
735 703
735 717
735 778
735 858
676 183
676 640
676 649
676 660
676 714
676 717
676 719
676 723
279 115
279 136
279 247
279 250
279 262
279 298
550 98
550 507
550 513
550 599
706 610
706 659
706 687
706 734
706 744
706 753
706 854
480 140
480 274
644 100
644 130
216 130
216 171
216 231
216 245
216 250
216 262
216 930
216 325
216 768
216 650
216 931
216 621
216 498
216 243
216 333
920 635
920 726
920 765
920 882
920 902
410 130
410 373
410 414
410 452
410 454
410 542
410 579
410 462
410 838
591 169
591 236
591 261
591 557
591 568
591 580
591 628
591 637
591 639
591 774
591 798
591 618
591 846
213 210
213 262
213 315
689 91
689 829
689 913
689 886
689 969
689 824
313 293
313 361
313 388
313 519
313 514
313 526
313 831
751 14
751 88
751 177
751 234
751 702
751 708
751 714
751 717
751 720
751 734
751 798
303 39
270 228
270 231
270 236
270 250
270 318
167 120
167 408
914 136
914 154
914 168
914 213
914 716
914 753
914 755
914 772
914 842
914 870
914 876
116 86
322 283
322 293
322 318
322 336
322 338
322 346
322 360
322 363
322 366
322 368
322 371
322 699
322 457
322 920
322 476
322 691
322 423
439 83
439 120
439 182
439 321
439 431
439 457
439 468
439 484
439 515
439 569
439 667
439 747
705 702
705 714
705 741
705 745
705 748
705 751
705 754
705 874
705 968
705 836
705 760
64 349
64 669
64 536
64 816
64 930
248 210
248 284
248 289
248 300
248 401
248 513
259 210
259 306
259 308
259 355
259 555
369 24
369 157
369 324
369 336
369 345
369 365
369 417
509 76
509 157
509 542
509 544
509 546
509 552
509 554
509 556
509 919
509 637
509 633
509 719
509 611
509 810
509 689
308 355
308 357
201 210
201 236
201 245
201 566
201 252
201 845
201 377
201 630
778 215
778 451
778 734
613 179
613 206
613 594
613 648
613 650
613 653
613 655
613 658
613 662
613 819
613 668
613 916
613 751
613 943
613 693
613 854
538 179
286 321
286 945
286 841
286 752
286 765
286 587
934 83
934 250
934 285
934 505
934 902
934 962
934 978
934 980
934 983
588 179
145 514
145 265
145 691
145 813
145 513
145 909
145 931
145 491
305 161
305 346
305 353
602 555
602 557
602 568
602 571
602 619
602 625
602 640
602 642
602 645
602 648
602 650
602 918
602 929
602 746
602 876
602 761
693 670
693 697
693 699
693 701
693 703
693 706
693 709
693 711
693 714
693 716
693 718
693 722
693 724
693 726
693 732
693 734
693 736
693 740
693 831
693 900
693 911
385 598
385 482
896 98
768 327
768 431
768 557
768 605
768 734
768 805
768 810
768 815
768 918
733 26
733 69
733 717
733 734
733 773
722 16
722 122
722 182
722 331
722 682
722 702
722 764
527 282
112 79
112 161
112 298
112 245
309 269
309 283
309 289
309 353
309 355
309 357
309 735
309 783
309 463
620 120
620 133
620 290
620 321
620 588
620 659
620 668
620 967
620 922
620 872
208 210
66 57
66 83
66 105
66 108
66 110
66 112
66 115
66 220
66 551
66 345
66 973
66 952
66 365
66 834
66 515
66 905
66 599
66 252
486 576
704 359
704 387
704 404
704 656
704 659
704 660
704 668
704 670
704 747
704 749
704 753
770 154
770 275
770 328
770 374
770 435
770 724
770 727
770 732
770 734
770 739
770 760
770 773
770 807
770 810
770 817
770 904
770 939
770 836
621 643
621 654
621 657
621 659
621 661
621 665
621 668
621 670
621 886
621 948
621 769
621 755
621 753
712 353
712 682
712 687
712 702
712 746
712 754
712 930
712 997
712 888
712 853
677 270
677 635
677 637
677 643
677 670
677 714
677 717
677 719
677 722
677 724
677 906
677 828
677 946
677 852
677 921
845 466
845 598
845 647
845 668
900 127
900 308
900 367
900 373
900 414
110 134
110 136
110 138
110 143
110 157
110 159
110 502
395 68
395 277
395 436
395 980
395 871
395 396
395 699
68 39
772 53
772 210
772 734
811 68
811 222
811 799
811 839
811 846
811 848
811 850
811 852
811 854
811 856
811 858
811 891
736 702
736 708
736 734
736 772
736 775
736 778
736 784
736 894
736 740
736 796
253 119
253 228
253 234
253 247
253 269
253 274
253 284
253 290
253 298
253 948
253 604
253 675
253 384
253 838
253 383
253 445
253 704
253 389
253 483
253 840
85 45
85 120
85 127
85 130
85 134
85 151
85 922
85 549
85 248
85 450
85 740
85 539
85 317
827 203
827 359
827 426
827 580
827 598
827 691
827 759
827 799
827 839
827 844
827 849
827 851
827 854
827 858
827 860
827 863
827 866
827 869
827 872
827 875
827 972
488 53
488 247
488 318
488 537
937 123
937 217
937 660
553 763
456 490
456 501
456 504
456 666
456 569
456 572
456 946
456 625
467 117
232 98
232 231
232 234
232 236
232 247
232 250
232 268
232 270
232 275
232 278
232 328
232 847
232 789
232 964
232 428
232 609
232 415
232 705
232 743
669 647
669 670
669 697
669 703
669 708
669 714
669 716
669 849
669 920
669 914
669 974
695 30
695 370
695 600
695 653
695 659
695 668
695 878
83 39
83 57
674 45
674 228
674 357
674 505
674 507
674 649
674 719
674 921
674 939
674 932
674 753
172 107
356 366
356 373
356 382
356 385
356 387
356 389
356 392
356 395
356 399
356 401
356 403
356 882
356 635
356 579
356 479
356 996
356 569
356 634
356 491
356 690
356 944
582 24
582 168
582 518
582 538
582 586
197 154
197 234
197 236
197 277
197 366
197 259
197 563
197 539
935 122
935 257
935 298
935 907
935 921
935 922
935 947
935 964
935 971
935 973
935 975
935 978
935 981
935 983
433 652
433 703
228 210
366 157
285 224
285 244
285 247
285 250
225 189
225 256
225 306
225 480
225 917
225 688
225 725
225 596
333 365
333 759
333 472
636 173
636 213
636 268
636 398
636 459
636 589
636 598
636 612
636 637
636 639
636 643
636 647
636 657
636 660
636 662
636 664
636 666
636 668
636 671
636 674
636 677
636 680
636 683
636 685
636 709
636 828
636 733
636 895
635 83
139 45
139 91
139 98
139 107
139 115
139 168
139 172
139 179
139 182
139 187
139 980
139 950
139 724
139 907
139 979
139 626
139 838
139 853
139 953
139 460
802 119
802 261
802 455
802 755
802 759
802 760
802 762
802 765
802 849
802 851
946 913
946 953
524 270
524 477
524 483
524 490
388 115
388 365
388 537
766 90
766 355
766 797
766 808
766 812
766 814
766 846
766 951
766 824
843 20
843 101
843 120
843 130
843 183
843 272
843 321
843 387
843 393
843 731
843 754
843 795
843 797
843 823
843 834
843 858
843 860
843 865
843 868
843 871
843 875
843 878
843 880
843 883
843 885
843 888
843 891
843 919
793 65
793 143
793 338
793 398
793 753
793 754
793 759
793 760
793 762
793 765
793 781
793 782
793 792
793 795
793 797
793 799
793 801
793 808
793 810
793 814
793 817
793 819
793 822
793 824
793 828
793 832
793 834
793 836
793 838
793 840
793 842
793 854
793 943
793 853
793 906
125 86
125 98
125 107
125 172
125 180
125 894
235 210
235 228
235 283
235 877
267 222
267 228
267 231
267 292
267 575
805 88
805 284
805 501
805 734
805 844
290 318
290 321
290 331
290 505
290 435
522 68
522 256
522 455
522 490
133 86
70 39
70 98
70 841
70 410
70 805
70 729
70 567
70 979
70 239
70 462
70 942
70 536
70 987
70 916
835 249
835 520
835 703
835 795
835 804
835 810
835 823
835 837
835 839
835 852
835 854
835 856
835 858
835 861
835 863
835 867
835 869
835 871
835 873
835 877
835 879
835 881
835 904
884 256
884 372
884 453
884 484
884 682
884 719
884 845
884 849
884 870
884 887
884 907
884 909
884 912
884 915
884 919
884 921
884 923
884 925
884 928
884 931
884 973
745 734
124 83
124 161
124 169
124 171
124 644
124 213
124 672
936 366
936 898
936 902
936 912
936 913
936 914
936 925
936 964
936 970
936 972
936 977
936 980
936 982
824 285
824 775
824 797
824 864
824 866
824 872
824 955
824 908
824 935
562 120
562 524
562 551
562 557
562 565
562 568
562 571
562 574
562 577
562 579
562 581
562 583
562 585
562 588
562 593
562 596
562 599
562 601
562 604
562 606
562 611
562 936
562 963
562 979
562 762
562 885
144 120
144 181
144 189
144 193
144 887
144 439
144 827
144 299
144 813
654 65
654 120
654 653
654 659
654 661
654 668
654 670
654 672
654 676
654 680
654 682
654 686
654 689
654 692
654 694
654 697
654 699
654 701
654 703
654 910
654 791
654 721
679 275
679 640
679 727
679 998
679 731
194 249
194 408
194 818
323 282
323 285
323 298
323 346
323 349
323 357
323 359
323 361
323 365
323 507
323 647
323 513
323 829
71 57
71 115
71 120
71 765
71 158
71 446
696 22
696 177
696 193
696 452
696 624
696 649
944 22
944 375
944 428
944 520
158 154
158 157
158 206
158 262
158 247
158 619
521 297
521 483
521 545
521 551
521 557
521 559
521 565
521 567
521 757
521 749
521 909
76 115
76 119
76 123
76 289
604 87
604 302
604 306
604 555
604 557
604 568
604 571
117 168
122 86
723 63
723 100
723 163
723 284
723 346
723 417
175 222
175 224
352 331
352 336
352 359
352 365
363 331
363 403
363 497
363 819
363 384
297 79
297 262
297 283
297 285
297 298
297 324
297 336
779 635
779 730
779 747
779 749
779 815
779 817
779 820
779 824
779 827
779 889
779 995
779 985
231 210
72 227
206 210
505 115
505 136
505 293
505 303
505 317
496 134
496 495
496 505
496 527
496 532
496 539
496 541
496 543
496 545
496 801
496 983
496 861
496 575
496 940
496 761
496 902
496 764
496 984
807 98
807 285
764 290
764 319
764 448
764 644
764 703
529 210
529 482
529 520
529 524
529 542
529 544
529 548
529 550
529 554
529 557
529 561
529 563
529 566
529 568
529 570
529 573
529 576
529 719
529 874
529 752
529 588
529 974
755 306
755 542
519 389
519 477
519 483
519 495
519 512
519 515
519 516
519 520
519 524
519 526
519 533
519 538
519 545
519 549
519 551
519 555
519 558
519 567
519 979
519 614
519 853
519 781
519 582
89 130
89 136
89 161
89 153
89 780
89 166
89 390
684 24
684 63
684 193
684 208
684 284
684 516
684 637
684 644
716 262
716 714
343 171
343 298
343 345
343 359
343 373
343 377
343 383
343 387
343 389
343 573
343 975
343 664
343 928
343 894
343 506
343 743
343 563
343 678
215 107
215 434
370 57
370 349
370 357
370 359
370 416
619 25
619 55
619 79
619 179
619 576
619 580
565 163
565 165
565 428
931 468
931 888
931 921
931 954
931 957
931 964
931 966
931 968
931 970
931 972
931 974
931 976
931 979
809 26
809 154
809 188
809 505
809 582
809 762
809 764
809 775
809 782
809 797
809 810
809 837
809 839
809 844
809 846
809 849
809 853
809 856
809 987
809 970
809 983
829 797
829 799
330 26
330 234
330 298
330 300
330 365
330 372
330 376
330 765
330 524
330 425
330 559
407 244
407 245
407 262
407 359
407 365
407 377
407 389
407 401
407 408
407 414
407 435
407 439
407 445
407 449
407 451
407 632
407 836
407 819
407 694
407 752
407 828
407 419
407 794
407 796
407 744
754 349
754 352
754 538
754 724
367 26
367 247
367 365
437 228
437 398
437 404
437 406
437 408
437 412
437 414
437 416
437 417
437 454
437 457
437 463
437 468
437 470
437 478
437 480
437 483
437 485
437 839
437 774
437 763
437 935
437 933
890 404
765 26
765 168
765 724
765 727
708 119
708 249
708 372
708 605
514 26
514 245
514 483
514 549
514 555
514 557
671 428
671 481
671 637
671 687
671 702
671 715
671 717
671 732
671 831
671 769
671 783
848 26
848 816
848 837
848 849
848 877
848 880
848 882
848 886
848 888
848 890
848 892
848 895
848 897
848 942
666 628
666 708
666 710
666 712
666 715
666 803
666 849
75 167
596 75
596 203
596 317
596 549
596 555
596 557
596 571
596 580
596 586
596 588
596 605
596 612
596 628
596 639
596 641
596 644
596 717
596 715
596 600
596 795
690 211
690 224
690 306
690 383
690 435
690 511
690 605
690 647
690 660
690 668
690 670
690 724
690 727
690 730
690 739
690 796
690 877
663 345
663 637
663 640
663 649
663 875
315 136
315 143
315 298
80 123
80 127
80 171
80 507
80 165
80 838
80 432
80 472
80 392
80 988
425 143
425 723
520 324
673 516
673 586
673 628
673 635
673 637
673 647
673 696
673 700
673 702
673 704
673 706
673 708
673 710
673 715
673 720
673 722
673 911
673 919
673 767
673 939
673 858
902 455
599 55
599 98
599 122
599 228
599 551
599 586
176 136
176 154
176 163
176 203
176 209
176 211
176 214
176 217
176 221
176 223
176 562
176 932
176 913
176 705
176 529
176 387
176 198
176 652
916 249
916 557
916 571
916 607
916 870
916 876
916 882
916 888
916 959
916 961
916 963
916 965
339 366
339 373
339 377
339 481
339 552
238 140
238 231
238 236
238 245
238 247
238 250
238 262
238 272
238 274
238 277
238 282
238 474
238 432
238 356
238 479
238 399
238 699
238 950
238 330
680 133
680 317
680 497
680 649
680 724
680 726
680 781
680 967
380 367
380 421
380 963
380 729
380 916
380 762
380 901
846 150
846 272
846 551
846 964
478 114
478 231
478 355
478 438
478 457
478 512
478 520
478 524
478 527
478 823
478 721
478 553
452 65
452 182
452 211
452 353
452 389
452 406
452 408
452 551
903 133
903 202
903 244
903 310
903 360
903 366
903 561
903 647
903 854
903 856
903 859
903 863
903 870
903 892
903 902
903 907
903 921
903 930
903 933
903 936
903 939
903 941
903 943
903 945
903 947
903 950
378 336
378 821
771 799
771 802
771 805
771 808
771 810
771 813
771 818
771 820
771 843
752 39
752 719
752 724
752 789
752 791
752 794
752 796
752 799
752 849
752 981
752 869
752 948
517 123
517 268
517 483
517 542
517 559
517 586
422 45
422 79
422 234
422 408
422 431
422 436
422 452
422 457
422 459
422 461
422 464
422 467
422 470
422 573
422 938
422 659
422 846
422 511
422 734
422 830
137 98
137 115
137 172
137 181
137 183
137 331
137 315
137 972
137 732
508 206
508 384
508 404
508 477
508 483
508 507
508 545
508 549
508 552
508 555
508 557
508 794
508 601
508 820
508 653
806 248
806 842
806 844
806 848
806 852
806 854
806 882
806 873
889 284
889 745
889 762
889 844
889 845
889 849
889 854
889 861
889 863
889 888
889 902
889 928
889 932
889 935
889 938
889 947
484 169
484 457
728 361
728 428
728 734
728 742
728 749
728 759
728 763
728 765
728 770
728 772
728 776
728 814
728 795
728 893
448 414
547 513
547 549
547 551
547 555
547 560
547 562
547 564
547 567
547 570
547 572
547 577
547 580
547 582
547 585
547 587
547 589
547 593
547 797
547 815
547 822
547 954
547 747
883 30
883 68
883 203
883 257
883 283
883 374
883 628
883 834
883 930
883 932
883 991
665 83
665 431
665 483
665 527
665 640
665 643
665 644
665 647
665 649
665 653
665 656
665 660
665 668
665 670
665 683
665 685
665 687
665 690
665 694
665 696
665 698
665 701
665 703
665 706
665 708
665 711
665 714
665 895
665 781
165 86
165 120
165 140
382 345
382 357
382 359
382 404
382 408
382 431
382 608
382 641
382 683
382 875
790 315
790 339
790 349
790 544
790 747
790 765
790 799
790 814
790 825
790 827
790 830
790 833
790 838
790 979
507 245
224 134
104 885
104 713
104 355
104 468
104 545
104 241
104 866
104 363
104 735
104 418
151 115
151 136
151 768
151 536
151 750
151 558
151 881
151 785
151 817
151 652
151 920
151 411
151 341
541 300
541 306
541 507
541 516
541 518
541 571
541 576
541 587
541 590
541 684
541 889
541 612
541 799
541 837
541 719
541 844
943 79
943 189
943 414
943 431
943 508
943 513
943 910
943 914
943 922
943 933
943 937
943 939
943 956
943 961
943 964
943 967
943 970
943 972
943 975
943 977
943 980
943 984
943 988
943 990
943 963
280 321
280 999
280 785
280 487
280 593
280 687
280 876
280 946
909 57
909 314
909 449
909 615
909 622
909 887
909 896
909 898
909 905
909 907
909 922
909 932
909 934
909 936
909 938
909 941
909 943
909 947
909 952
909 955
909 958
909 948
703 404
703 538
109 83
109 86
82 39
82 130
82 518
82 224
82 183
82 983
82 727
82 603
432 404
432 463
432 470
432 472
432 474
432 479
432 568
432 756
432 933
84 39
84 119
84 121
84 123
84 131
84 133
84 416
84 934
84 819
84 890
84 184
84 163
84 268
84 393
84 505
84 234
84 827
241 228
241 285
241 479
907 210
907 318
567 604
567 607
567 614
291 244
291 245
291 250
291 318
291 967
291 805
291 736
291 641
291 471
291 936
629 98
629 948
629 982
629 944
629 636
629 866
629 693
629 779
629 934
629 872
360 222
360 244
360 331
360 353
360 357
360 366
360 372
360 376
360 385
360 387
360 389
360 393
360 399
360 403
360 405
360 561
360 647
688 86
688 426
688 490
688 643
688 656
688 660
688 734
688 989
688 825
688 911
688 781
688 838
688 892
688 957
336 140
336 293
336 298
336 318
292 317
292 321
292 331
292 907
292 739
292 572
662 319
662 702
662 845
763 624
763 703
763 724
763 730
763 734
763 749
763 755
763 760
763 765
763 775
763 782
763 794
763 798
763 808
763 818
402 366
402 367
402 414
402 431
402 434
402 436
402 442
402 444
402 447
402 449
402 654
402 639
402 937
402 969
402 984
123 90
592 208
592 484
592 551
592 571
592 586
592 633
592 635
592 638
592 641
592 985
592 889
592 800
592 973
592 708
592 801
254 300
254 302
254 389
254 413
510 157
510 551
510 603
510 772
510 753
510 660
510 852
510 842
510 721
510 856
742 714
742 734
557 231
302 231
885 130
885 167
885 219
885 914
885 919
885 922
885 926
885 931
885 934
885 996
847 120
847 249
847 544
847 565
847 804
847 823
847 834
847 844
847 845
847 870
847 872
847 876
847 878
847 880
847 882
847 884
847 886
847 888
847 890
847 892
847 894
847 896
847 941
590 200
590 213
590 262
590 571
590 576
590 586
590 638
590 907
590 761
590 823
590 662
590 984
798 383
798 470
798 760
798 764
798 773
500 179
500 490
500 495
500 507
500 518
500 634
164 127
164 136
164 974
164 468
164 658
164 950
164 709
164 963
164 273
164 686
164 831
143 53
143 119
823 428
823 804
443 484
443 490
443 495
443 537
443 875
443 772
443 816
443 552
131 86
131 188
787 278
787 317
787 760
787 813
787 816
787 818
787 820
787 823
787 831
787 833
787 889
816 74
816 367
816 775
816 799
612 318
612 588
87 39
87 123
87 130
87 136
737 365
737 691
737 717
737 727
737 773
737 778
737 780
737 784
737 827
737 884
876 615
876 834
887 317
887 559
887 730
335 39
335 133
335 143
335 169
335 359
335 361
335 365
335 369
335 373
335 375
335 555
335 542
335 548
477 69
632 161
632 589
632 605
632 610
632 979
632 687
632 693
632 696
632 717
632 739
374 331
374 349
374 412
374 416
374 464
379 39
379 236
379 357
379 365
379 428
379 829
379 742
819 39
819 90
819 91
819 775
819 778
819 795
819 823
819 837
819 839
819 841
819 845
819 847
819 849
819 851
819 855
819 858
819 860
819 862
819 866
819 919
819 977
564 166
564 515
564 518
564 524
564 600
564 604
564 608
564 611
564 871
564 980
574 551
574 595
574 597
574 599
574 601
574 604
574 606
574 611
574 614
574 618
574 620
574 698
574 763
574 954
574 796
574 885
574 974
223 346
223 490
223 680
223 715
223 546
182 154
906 203
906 598
906 876
906 882
906 888
906 947
906 953
906 908
178 136
178 163
178 179
178 213
178 217
178 219
178 222
178 224
178 236
178 401
178 324
178 566
178 280
178 473
178 639
178 706
178 853
178 980
312 45
312 283
312 349
312 351
312 353
312 355
312 357
312 359
312 604
312 482
312 557
312 455
312 438
296 250
296 345
810 69
810 133
810 517
810 765
810 773
905 114
905 392
905 398
905 470
905 530
905 552
905 861
905 863
905 870
331 285
331 289
331 293
466 154
466 159
682 83
682 138
686 56
686 813
686 862
622 107
622 284
622 373
622 586
622 588
622 594
184 984
184 241
184 273
184 263
184 887
184 626
184 408
458 143
458 247
458 365
458 490
458 497
458 506
458 961
458 774
458 827
458 916
458 690
458 533
446 398
446 404
446 477
446 483
446 490
446 495
446 580
446 755
92 57
92 86
92 140
92 685
92 519
92 620
92 551
92 262
92 829
92 228
92 441
92 657
92 387
392 359
392 365
392 366
928 157
928 195
928 304
928 922
928 944
928 951
928 953
928 955
928 960
928 967
928 970
928 972
928 975
928 977
933 438
933 461
185 140
185 157
185 181
185 222
185 224
185 247
185 694
185 316
185 534
185 348
185 262
185 798
185 790
185 442
185 352
185 709
185 755
581 210
581 906
581 959
426 408
426 414
426 466
645 518
645 610
645 717
645 945
462 63
462 166
462 171
462 191
462 268
462 414
462 417
462 431
462 438
462 483
462 491
462 495
462 499
462 501
462 503
462 507
462 509
462 511
462 984
462 725
462 774
462 910
462 668
462 549
462 545
218 171
218 611
430 814
430 877
430 750
430 619
430 741
698 542
698 601
698 653
698 656
698 668
698 670
698 714
698 716
698 719
698 729
698 732
698 735
698 740
698 742
698 744
698 746
698 964
698 958
698 794
698 917
698 936
93 83
93 136
93 138
93 140
93 303
93 907
93 948
93 190
93 458
93 187
345 134
799 470
799 481
282 234
389 172
828 179
828 346
828 408
828 438
828 544
828 842
828 844
828 849
828 852
828 855
828 857
828 859
828 863
828 869
828 877
828 930
675 706
675 708
675 710
675 714
675 716
675 719
675 721
675 723
675 971
675 773
675 831
675 745
675 779
675 806
672 324
672 405
672 640
672 649
465 115
465 182
465 455
465 457
465 490
465 495
465 497
465 504
465 507
465 512
465 514
465 799
465 648
465 828
465 704
650 48
650 605
650 607
650 610
650 623
650 628
650 640
650 649
650 668
650 670
650 693
650 695
650 697
650 699
650 863
650 976
664 168
664 775
173 127
173 140
173 222
173 277
569 268
569 277
569 646
569 652
569 683
569 841
569 928
349 45
849 45
849 87
849 152
849 317
849 709
849 714
849 804
849 808
849 810
250 210
573 274
573 530
573 571
573 576
573 594
573 601
573 610
573 612
573 898
573 595
573 803
199 154
199 245
199 247
199 355
631 495
631 586
631 588
631 594
631 668
631 957
631 906
631 846
631 977
393 580
912 46
912 172
912 376
554 122
554 566
554 568
554 571
554 573
554 575
554 578
554 581
554 583
554 586
554 588
554 590
554 592
554 594
554 596
554 598
554 603
554 760
554 705
554 996
554 817
554 789
730 77
730 282
730 702
730 708
730 714
730 734
652 65
652 605
652 610
652 628
652 640
652 649
652 697
652 783
652 825
652 770
652 727
652 732
368 83
368 357
368 359
368 408
368 414
368 501
368 461
294 250
294 256
294 332
294 335
294 337
294 341
294 857
294 448
294 755
294 626
294 767
294 941
294 877
294 502
685 86
685 120
685 157
685 778
860 839
860 844
860 991
860 864
860 921
860 954
556 127
556 513
556 518
556 586
556 588
556 598
792 549
792 708
792 855
792 820
855 154
855 234
855 284
855 556
855 561
855 804
855 808
855 810
870 245
870 849
915 820
915 902
915 964
97 906
830 122
830 172
830 684
830 709
830 734
830 804
830 992
214 228
214 244
214 248
214 250
214 252
214 254
214 258
214 261
214 263
214 904
214 372
214 531
214 520
214 388
214 786
214 944
214 962
214 880
692 109
692 147
692 159
692 183
692 195
692 300
692 388
692 490
692 644
692 647
692 649
692 656
692 660
692 668
692 731
692 733
692 739
692 789
748 285
748 345
748 383
748 412
748 466
748 702
748 717
748 792
748 795
748 984
748 950
748 867
748 870
98 57
866 90
866 171
866 234
866 911
866 915
866 879
464 74
464 513
862 233
862 306
862 375
862 905
862 907
862 910
862 918
840 586
840 834
840 879
840 882
840 886
840 968
595 211
595 217
595 353
595 366
595 520
595 551
595 576
595 637
595 640
595 644
595 780
595 733
595 834
106 133
106 143
106 149
106 155
106 303
106 627
106 443
106 580
106 477
106 805
950 50
950 121
950 161
950 168
950 920
950 921
950 972
190 161
190 163
190 171
190 234
190 751
190 697
190 892
190 853
190 585
190 539
401 88
401 120
212 168
212 181
212 182
212 211
212 224
212 228
212 231
212 234
212 236
212 238
212 240
212 243
212 245
212 248
212 252
212 254
212 257
212 259
212 837
212 504
212 801
212 572
212 546
212 851
212 282
212 748
205 168
205 627
205 685
205 485
659 119
659 138
659 179
187 210
187 228
187 231
187 233
187 236
187 556
187 656
187 472
187 260
187 356
187 892
187 829
187 530
187 889
187 985
878 514
878 524
878 533
878 582
878 833
878 834
878 839
878 844
878 849
878 870
878 882
878 888
878 907
878 909
878 911
878 914
878 918
878 924
878 926
709 668
396 83
396 211
396 357
396 359
396 365
396 435
396 440
396 640
396 760
396 671
396 510
396 773
396 712
396 646
381 53
381 336
381 349
381 355
381 361
381 365
381 366
381 408
381 414
381 416
381 428
381 772
381 793
381 642
381 828
381 803
381 963
399 303
399 436
399 438
399 482
657 115
657 268
657 628
657 637
657 687
657 694
657 697
657 702
657 704
657 993
657 781
657 907
657 828
657 869
657 982
128 79
128 545
128 758
128 806
128 566
299 140
299 262
299 324
299 335
299 337
299 339
299 341
299 344
299 346
299 348
299 956
299 390
299 313
299 921
299 692
299 444
299 734
299 980
102 131
102 133
102 136
102 138
102 140
102 142
102 147
102 149
102 463
102 323
102 870
102 764
102 324
102 751
102 796
102 817
102 780
102 194
102 351
102 479
641 605
641 637
641 649
371 269
371 367
237 285
237 365
237 980
725 98
725 321
725 369
725 702
725 714
725 760
725 764
725 772
725 795
732 302
732 549
732 625
732 691
732 702
732 708
732 714
502 483
502 490
502 495
502 518
502 520
502 545
502 682
502 505
786 682
786 702
786 834
786 965
786 882
528 559
528 561
528 566
528 568
528 571
528 576
528 743
528 643
528 982
528 640
528 880
528 685
481 166
481 228
481 367
481 436
481 454
481 466
481 477
481 513
481 518
481 520
481 524
481 527
481 530
481 576
481 594
501 466
501 520
501 545
801 138
801 576
801 628
801 773
801 804
801 820
801 831
801 835
801 838
801 840
801 844
801 846
801 848
801 850
913 466
913 902
383 365
383 367
758 90
758 228
758 370
758 389
758 403
758 580
758 724
758 734
758 795
758 797
758 804
758 807
758 957
758 999
758 988
758 975
817 250
817 497
817 520
817 530
817 991
195 161
195 171
195 210
195 224
195 228
195 234
195 236
195 269
445 480
445 483
445 491
445 493
445 893
445 722
445 518
445 816
445 932
445 749
445 730
904 68
904 140
904 179
904 504
904 507
904 649
904 876
904 882
904 888
904 921
904 930
904 934
904 936
904 939
904 941
904 944
904 946
904 948
904 951
904 953
605 77
605 222
605 306
605 518
523 57
523 91
523 134
523 474
523 479
523 482
523 507
523 511
523 513
523 514
523 520
523 522
523 527
523 536
523 539
523 541
523 543
523 546
523 550
523 552
523 554
523 556
523 562
523 564
523 566
523 569
523 572
523 886
523 940
523 662
523 823
523 733
523 901
523 804
155 161
155 171
155 181
155 183
155 189
155 191
155 198
155 202
155 311
155 622
155 447
155 413
155 989
155 475
155 332
155 748
155 600
155 923
155 794
155 957
911 112
911 169
911 272
911 472
911 653
911 668
911 882
911 887
911 888
911 890
911 892
911 896
911 955
911 957
911 959
911 981
546 57
546 161
546 516
546 530
546 565
546 567
546 570
546 572
546 574
546 577
546 579
546 582
546 588
546 591
546 595
546 828
546 795
546 967
546 627
546 809
546 788
546 884
575 607
575 612
575 614
575 616
575 618
575 620
575 622
575 624
575 775
575 923
575 628
575 647
575 917
337 57
337 365
337 453
337 401
337 431
263 228
263 231
263 282
263 285
263 289
263 293
263 300
263 302
263 304
263 542
263 378
263 745
263 934
263 672
263 500
263 450
263 980
586 57
948 372
948 953
108 565
108 532
108 435
108 468
879 100
879 414
329 161
329 293
329 366
329 377
329 383
329 671
329 385
329 610
329 996
329 428
329 538
160 115
160 127
160 161
160 171
160 189
160 199
160 202
160 206
160 463
160 885
160 896
160 408
160 653
628 159
628 181
516 208
516 401
618 83
618 537
618 586
618 588
618 717
618 735
376 365
710 115
710 670
710 702
710 744
710 747
710 756
710 759
710 844
710 770
174 136
174 154
174 157
174 163
174 168
174 206
174 231
174 454
174 867
174 274
334 293
334 298
334 438
334 760
334 555
334 531
334 510
852 804
852 823
852 833
852 845
584 95
584 389
584 404
584 405
584 628
584 630
584 642
584 766
584 786
584 990
584 751
661 247
661 250
661 512
111 143
111 152
111 154
111 156
111 564
111 198
111 836
111 693
111 351
111 312
111 830
111 812
597 300
597 829
694 404
694 454
694 538
694 714
694 720
694 723
694 727
694 730
694 733
694 739
694 696
694 882
694 753
603 477
603 586
603 588
603 717
114 83
114 86
114 306
880 213
880 327
880 370
880 417
880 598
880 833
880 839
880 854
880 855
880 861
880 870
880 882
880 902
880 913
880 916
880 918
880 920
880 922
880 926
880 929
880 989
836 83
836 339
836 723
836 742
836 797
836 799
252 210
252 542
536 274
536 353
536 505
536 515
536 520
536 526
536 530
536 542
536 544
536 549
536 551
536 556
536 559
536 567
536 569
536 571
536 574
536 576
536 578
536 580
536 582
536 584
536 944
536 813
536 615
536 969
233 210
233 234
233 283
540 213
540 586
170 65
170 127
170 134
170 136
170 157
170 163
170 181
170 189
170 206
170 208
170 210
170 213
170 217
170 271
170 787
170 456
170 758
170 504
170 378
170 275
170 610
170 672
781 747
781 749
220 210
220 477
220 580
551 383
667 637
667 702
667 708
667 711
667 715
667 835
667 750
552 507
552 518
552 588
552 599
552 661
552 734
306 293
204 163
204 842
204 390
898 558
898 567
898 691
255 179
255 210
255 293
255 302
255 765
255 618
415 366
415 367
415 373
415 377
415 384
415 401
415 404
415 414
415 428
415 435
415 447
415 449
415 455
415 458
415 461
415 464
415 672
415 890
415 660
415 894
415 503
415 608
415 583
415 570
415 763
563 274
563 416
563 470
563 526
563 530
563 594
563 635
563 665
774 727
774 734
841 810
841 837
841 844
841 863
841 869
841 871
841 873
841 876
841 878
841 880
841 882
841 885
841 887
841 889
841 945
841 938
841 915
825 123
825 169
825 191
825 524
825 857
825 859
825 861
825 863
825 865
825 867
825 870
825 872
825 874
825 959
869 182
869 417
869 449
869 644
869 732
869 870
923 134
923 876
923 920
923 945
923 948
923 950
923 954
923 957
923 959
923 962
923 964
923 967
923 969
923 972
438 119
351 625
897 127
897 171
897 441
897 484
897 624
897 849
897 852
897 854
897 855
897 857
897 861
897 863
897 870
897 882
897 912
897 922
897 924
897 926
897 931
897 933
897 935
897 939
897 941
897 943
897 968
826 797
826 808
826 834
826 839
826 870
826 875
826 952
756 167
756 427
756 703
756 719
756 724
941 74
941 289
941 744
941 747
941 749
941 922
941 953
863 75
863 150
863 227
863 252
863 297
863 298
863 319
863 412
863 504
863 586
863 719
863 808
863 823
863 834
863 845
947 171
947 615
947 637
947 902
947 907
947 920
947 921
947 922
775 76
775 376
242 250
242 270
242 275
242 277
242 283
242 289
242 902
242 995
242 522
242 556
242 982
242 998
242 695
242 370
242 460
242 788
242 793
242 674
633 91
633 300
633 377
633 594
633 607
633 628
633 653
633 659
633 662
633 664
633 668
633 672
633 677
633 680
633 682
633 771
633 850
633 726
633 675
424 455
424 464
424 466
424 468
424 470
424 812
424 838
424 543
424 444
583 166
583 542
583 555
583 557
583 594
583 599
583 604
583 612
583 614
583 620
583 622
583 625
583 627
583 630
583 976
583 798
583 935
583 635
221 179
221 236
221 245
221 247
221 250
221 262
221 269
221 361
221 678
221 691
221 863
221 390
221 294
221 368
497 189
358 315
358 331
358 336
358 359
358 365
358 398
358 506
358 942
358 430
358 771
838 140
838 208
838 454
838 463
838 804
838 816
838 823
838 833
838 834
838 857
838 867
838 869
838 874
838 876
838 880
838 882
838 885
838 887
838 895
922 234
922 315
922 401
922 714
922 882
922 887
922 902
243 210
243 228
243 527
243 406
243 426
163 120
316 231
316 708
316 881
316 585
316 699
316 342
316 695
440 300
440 336
135 86
135 595
135 780
135 378
420 183
420 401
420 408
420 454
420 467
420 971
420 794
420 825
420 631
420 596
420 502
420 523
420 929
851 88
851 262
851 296
851 327
851 495
851 599
543 88
543 589
543 888
543 702
543 621
543 547
543 909
273 298
273 304
273 306
273 308
273 310
273 317
273 319
273 321
273 373
273 902
273 540
273 953
803 157
803 404
803 799
803 842
803 844
803 849
803 851
803 892
901 91
901 101
901 130
901 149
901 159
901 470
901 486
901 501
901 630
901 747
901 765
901 852
901 855
901 870
901 888
901 896
901 902
901 920
901 922
901 924
901 930
901 932
901 934
901 936
901 938
901 943
901 945
901 947
901 949
901 971
355 365
503 91
503 428
503 454
503 457
503 466
503 547
503 549
503 552
503 790
503 767
503 783
872 215
872 340
872 837
872 855
872 891
872 893
872 895
872 899
872 902
872 904
872 906
872 908
872 910
872 912
872 914
872 917
872 921
721 297
721 324
721 470
721 488
721 691
721 764
721 802
697 310
362 401
362 404
362 406
362 408
362 421
362 800
362 610
362 788
362 434
386 365
386 366
386 431
386 784
386 579
449 210
449 498
449 691
449 467
881 95
881 277
881 474
881 834
881 836
881 837
881 845
881 914
881 917
881 921
881 923
881 926
881 928
881 930
881 968
881 935
842 565
842 808
700 670
700 714
700 723
700 732
700 734
700 739
700 745
700 747
700 902
700 776
701 193
701 213
701 304
701 310
701 346
701 428
701 516
701 557
701 612
701 702
701 739
701 742
701 745
701 748
701 919
701 983
701 902
701 872
246 210
246 262
246 278
246 284
246 371
246 852
246 527
246 844
246 773
246 758
246 337
246 874
625 282
648 601
648 612
648 628
648 635
648 640
648 669
648 671
648 673
648 675
648 679
648 682
648 684
648 687
648 691
648 693
648 978
648 957
147 182
147 252
147 277
147 580
147 565
341 359
341 366
341 368
341 371
341 373
341 376
341 379
341 381
341 383
341 385
341 387
341 390
341 935
341 482
341 974
341 861
341 671
341 873
341 370
341 735
341 614
341 927
328 377
328 414
423 384
423 401
423 455
423 457
423 466
423 468
423 697
423 543
423 561
423 928
423 639
150 120
150 293
796 177
796 279
796 318
796 398
796 403
796 538
796 760
796 837
796 840
796 842
796 845
796 991
409 952
926 300
926 649
926 797
926 852
926 882
926 890
926 902
926 905
926 967
926 969
926 972
926 974
301 152
301 685
301 650
301 821
301 513
301 993
301 879
301 829
301 440
893 109
893 121
893 167
893 312
893 353
893 436
893 472
893 514
893 854
893 870
893 882
893 937
893 939
893 941
893 945
670 412
400 203
400 289
400 355
400 366
400 384
400 428
400 431
400 983
400 811
400 918
400 658
400 898
400 554
198 171
198 375
198 595
198 584
198 966
198 335
614 571
614 586
614 588
319 123
544 518
544 524
544 586
544 589
192 463
192 836
192 884
192 441
192 550
865 905
865 907
865 914
865 873
831 619
831 635
831 649
831 742
598 203
598 557
598 568
598 576
598 580
767 483
767 684
767 727
767 731
767 739
767 742
767 744
767 747
767 760
767 765
767 773
767 775
767 794
767 798
767 802
767 804
767 806
767 810
767 812
767 814
767 867
767 950
180 154
180 157
180 163
180 222
180 224
180 450
180 469
180 918
180 784
180 601
180 542
857 165
794 127
868 127
868 269
868 373
868 389
868 696
868 913
868 915
868 979
226 210
226 414
226 319
226 480
226 401
226 989
318 130
560 161
560 236
560 594
560 599
560 601
560 607
560 905
560 786
354 318
354 365
354 367
354 384
354 387
354 389
354 398
354 403
354 359
354 424
354 905
354 716
354 829
354 636
258 228
258 628
258 859
258 808
258 315
719 507
719 533
642 628
642 640
642 680
642 683
642 687
642 690
642 861
642 713
642 914
642 820
642 903
747 524
747 605
747 734
646 154
646 156
646 628
646 640
646 649
858 331
858 436
858 594
858 755
858 834
858 902
858 907
447 484
447 490
447 495
447 995
447 781
447 817
447 535
475 477
475 490
475 507
475 513
475 518
475 520
475 524
475 671
475 621
475 666
475 608
475 712
475 702
230 412
230 943
230 674
230 934
230 665
230 824
230 489
230 644
230 802
230 803
702 670
320 293
320 367
320 664
320 440
320 857
320 897
320 557
320 974
320 997
320 569
320 943
320 655
886 849
886 852
886 854
886 855
886 870
489 457
489 505
489 514
489 516
489 518
489 523
489 526
489 528
489 530
489 533
489 535
489 537
489 606
489 559
489 704
489 643
489 612
489 969
489 934
489 964
489 943
260 468
260 614
260 622
260 784
260 407
419 459
419 464
419 466
419 468
419 897
419 921
419 852
419 656
419 488
