1 71
1 37
2 20
2 37
2 39
2 54
98 38
98 44
98 46
98 55
98 63
98 64
98 84
98 92
98 96
3 47
3 48
3 49
3 50
3 51
3 52
3 53
3 93
3 14
3 86
3 25
3 79
3 65
3 46
97 30
97 34
97 38
97 40
97 42
97 44
97 52
97 53
97 56
97 66
97 68
97 69
97 71
97 73
97 75
97 78
97 81
97 87
97 88
97 89
97 91
97 99
96 44
96 48
96 54
96 55
96 63
96 84
5 41
5 42
5 67
5 45
5 46
5 63
5 62
5 61
5 60
5 59
5 58
5 57
5 55
5 18
5 21
5 92
5 77
5 44
6 43
6 44
6 45
6 46
6 47
6 48
6 50
6 51
6 52
6 53
6 54
6 56
6 10
6 18
6 34
6 71
6 49
6 55
94 42
94 44
94 48
94 51
94 54
94 55
94 63
94 64
94 71
94 72
94 78
94 84
94 92
7 77
7 69
7 51
7 63
93 20
93 38
93 40
93 42
93 52
93 53
93 58
93 66
93 68
93 69
93 73
93 75
93 76
93 87
93 89
8 63
8 55
8 56
8 59
8 12
8 25
8 28
8 29
8 31
8 41
8 73
8 71
8 66
8 54
92 46
92 54
92 55
92 56
92 63
92 64
92 69
92 71
92 72
92 78
92 84
91 15
91 20
91 22
91 26
91 30
91 31
91 34
91 38
91 53
91 56
91 67
91 68
91 87
91 92
91 94
91 96
91 99
10 42
10 44
10 53
89 40
89 54
89 56
89 67
89 68
89 72
89 87
89 96
12 74
12 73
12 72
12 54
12 55
12 67
12 66
12 60
12 61
12 62
12 15
12 97
12 18
12 34
12 37
12 40
12 81
12 78
12 71
88 38
88 44
88 48
88 55
88 58
88 61
88 63
88 64
88 67
88 69
88 70
88 72
88 73
88 76
88 78
88 81
88 84
88 92
88 96
88 98
88 99
86 18
86 22
86 26
86 29
86 31
86 34
86 48
86 56
86 63
86 64
86 72
86 81
86 84
86 93
16 72
16 59
84 31
84 40
84 46
84 48
84 55
84 63
17 57
17 58
17 75
17 61
17 72
17 71
17 70
17 66
17 67
17 20
17 33
17 91
17 89
17 88
17 50
17 59
83 14
83 15
83 24
83 29
83 30
83 44
83 53
83 55
83 56
83 72
83 78
83 84
83 86
83 88
83 90
83 93
83 95
83 97
83 98
82 18
82 24
82 26
82 40
82 46
82 48
82 54
82 56
82 63
82 84
82 88
81 84
80 0
80 4
80 71
80 72
80 84
80 87
21 72
21 32
21 95
21 50
21 53
21 80
21 63
21 68
25 30
75 78
75 84
74 10
74 13
74 14
74 15
74 18
74 22
74 24
74 26
74 30
74 38
74 42
74 48
74 53
74 54
74 55
74 63
74 69
74 71
74 72
74 88
74 90
74 92
74 94
74 96
74 98
74 75
74 77
74 85
27 40
27 90
27 68
27 80
73 0
73 4
73 44
73 46
73 84
73 87
73 96
73 76
28 48
70 24
70 63
70 72
70 84
70 89
69 20
69 40
69 44
69 46
69 48
69 72
32 59
32 93
32 91
32 76
67 20
67 22
67 31
67 34
67 40
67 46
67 48
67 72
66 0
66 20
66 69
35 75
35 76
35 77
35 78
35 79
35 80
35 81
35 87
35 85
35 49
35 89
65 34
65 44
65 48
65 53
65 54
65 55
65 72
65 78
65 84
65 86
65 88
65 92
65 94
65 98
65 68
65 79
65 83
65 95
65 90
36 20
36 34
36 83
36 84
36 85
36 86
36 61
36 94
36 92
37 4
37 73
37 76
37 78
37 92
37 91
62 64
62 72
62 76
62 78
62 80
62 84
62 88
62 91
62 93
62 96
62 98
62 65
62 90
61 55
61 63
61 72
61 87
61 89
61 92
61 96
40 0
60 18
60 20
60 24
60 31
60 34
60 38
60 40
60 63
60 71
60 74
60 76
60 78
60 80
60 82
60 88
60 90
60 92
60 94
60 96
60 98
60 72
60 85
60 87
41 0
41 4
41 97
41 96
41 88
41 89
41 90
41 91
41 65
41 70
41 74
41 81
41 84
42 48
58 0
58 20
58 24
58 26
58 40
58 46
58 72
58 63
58 71
58 76
58 89
57 34
57 84
57 96
57 98
57 58
57 63
57 77
57 86
57 91
57 94
56 0
54 0
47 4
47 51
47 56
47 90
53 0
53 54
52 0
52 20
52 34
52 46
52 48
52 56
52 71
49 87
49 98
49 52
49 64
49 74
49 78
51 0
51 4
99 11
99 14
99 18
99 20
99 22
99 34
99 38
99 42
99 44
99 46
99 48
99 53
99 54
99 68
99 71
99 72
99 78
99 87
99 94
99 98
50 0
50 4
50 34
50 44
50 46
50 48
50 68
50 75
50 77
50 79
50 83
50 85
50 87
50 90
50 94
50 96
50 98
50 56
50 59
50 66
50 81
50 91
50 93
90 4
90 11
90 15
90 22
90 24
90 25
90 26
90 28
90 30
90 31
90 34
90 40
90 45
90 46
90 48
90 53
90 54
90 55
90 57
90 59
90 63
90 64
90 66
90 70
90 71
90 73
90 76
90 78
90 79
90 80
90 81
90 82
90 84
90 89
90 93
90 96
90 98
90 91
95 66
95 68
95 70
95 71
95 72
95 73
95 75
95 76
95 78
95 81
95 86
95 87
95 91
95 96
19 55
19 81
19 58
78 87
79 44
79 93
79 95
85 18
85 24
85 28
85 29
85 30
85 31
85 34
85 44
85 46
85 51
85 53
85 54
85 66
85 67
85 68
85 69
85 71
85 75
85 76
85 78
85 93
85 96
85 98
85 90
85 92
85 99
23 35
23 45
23 95
23 55
23 59
23 69
77 4
77 14
77 22
77 24
77 29
77 34
77 40
77 44
77 53
77 56
77 67
77 68
77 69
77 76
77 81
77 92
77 96
77 82
77 87
76 20
76 34
76 48
76 53
76 54
76 55
76 63
76 72
72 0
33 14
33 24
33 44
33 48
33 72
33 79
33 81
33 39
33 40
33 46
33 52
33 57
33 67
33 94
33 91
33 80
33 82
71 84
39 20
39 46
39 86
59 0
59 9
59 11
59 14
59 18
59 20
59 31
59 38
59 46
59 48
59 53
59 54
59 56
59 72
59 80
59 82
59 84
59 86
59 89
59 91
59 95
59 97
59 99
59 63
59 71
59 78
59 92
43 0
43 40
43 46
43 54
43 56
43 96
43 47
43 50
43 74
43 80
45 46
45 48
45 75
45 87
45 89
45 91
45 92
45 93
45 94
45 58
45 78
45 80
