2 76
2 70
2 46
2 74
2 95
97 23
97 24
97 27
97 37
97 39
97 46
97 48
97 53
97 60
97 78
97 85
97 86
97 91
97 92
97 93
97 95
97 98
4 26
4 81
4 80
4 79
4 42
4 53
4 44
4 36
4 54
4 60
4 75
4 50
4 63
96 81
95 44
95 79
95 86
95 93
95 96
95 98
6 72
6 74
6 17
6 41
93 85
92 24
92 27
92 29
92 61
92 76
92 78
92 80
92 81
92 84
92 89
92 90
92 93
92 96
92 98
9 48
10 23
10 53
10 98
90 5
90 14
90 24
90 53
90 93
87 5
87 27
87 43
87 46
87 61
87 65
87 67
87 70
87 71
87 74
87 79
87 81
87 83
87 84
87 85
87 92
87 97
86 90
86 96
86 98
15 26
15 38
15 39
15 73
15 68
15 77
15 53
15 80
15 27
15 59
17 39
17 40
17 41
17 92
17 78
17 57
17 53
17 55
17 25
17 49
17 82
17 56
83 5
83 54
83 56
83 75
83 78
83 84
83 86
83 88
83 90
83 93
83 95
83 97
18 0
18 70
18 74
18 72
18 67
18 28
18 47
18 60
82 5
82 23
82 34
82 50
82 53
82 76
82 78
82 85
82 92
82 94
82 96
82 98
81 0
81 44
80 5
80 24
80 44
80 93
80 98
79 0
79 1
79 5
79 23
79 43
79 47
79 50
79 56
79 72
79 76
79 81
79 85
79 96
78 5
78 14
78 19
78 31
78 39
77 44
77 53
77 61
77 68
77 85
77 98
77 83
24 27
75 61
75 76
75 78
34 0
58 27
58 91
64 0
64 7
64 16
64 85
64 89
64 79
51 31
51 44
51 88
51 78
48 0
48 29
48 31
48 96
42 14
42 23
42 29
42 31
42 68
42 53
42 90
42 98
42 80
42 77
42 97
42 83
41 0
41 31
41 44
41 46
41 53
41 70
41 79
41 51
41 86
41 50
59 34
59 56
59 57
59 64
59 66
59 71
59 73
59 77
59 79
59 81
59 86
59 62
45 0
45 5
45 25
45 35
45 36
45 37
45 38
45 40
45 41
45 44
45 53
45 59
45 61
45 65
45 68
45 95
45 85
45 90
45 87
45 96
45 75
94 31
94 70
94 72
94 80
94 83
94 84
94 85
94 88
94 90
94 96
57 0
57 44
57 85
57 87
49 46
49 50
49 53
49 56
49 61
49 64
49 67
49 70
49 86
49 87
49 76
49 65
55 0
55 5
55 16
55 25
55 26
55 39
55 44
55 50
55 60
55 64
55 66
55 69
55 72
55 76
55 79
55 91
55 82
55 90
55 86
73 0
73 5
73 26
73 27
73 39
73 56
73 85
73 75
47 0
47 23
47 25
62 0
62 44
62 46
62 56
62 72
62 76
62 78
62 83
62 89
62 90
62 75
91 25
91 95
91 99
26 0
20 64
20 78
20 26
20 50
21 0
21 31
21 63
21 62
21 67
21 60
21 87
21 88
21 45
21 49
21 54
60 39
60 85
60 61
63 0
63 26
63 97
63 99
63 64
3 47
3 88
3 46
3 32
3 44
3 76
3 36
99 95
99 98
98 96
13 17
13 67
88 12
88 19
88 23
88 39
88 72
88 76
88 78
88 79
88 80
88 89
88 93
88 95
88 97
88 99
84 19
84 33
84 35
84 61
84 68
84 69
84 81
84 91
84 93
84 95
84 99
22 85
22 84
22 91
22 62
22 50
22 64
76 26
76 56
76 81
67 46
67 61
67 68
67 81
67 86
67 90
67 92
67 70
67 83
67 93
71 89
71 92
71 94
71 77
65 25
65 68
65 72
65 74
65 78
65 80
65 82
65 86
65 88
65 90
35 23
35 31
54 85
11 67
11 97
66 7
66 80
66 82
66 88
66 91
66 99
66 96
32 40
32 86
89 31
89 44
89 85
89 90
89 95
89 99
12 39
12 33
30 23
30 38
30 44
30 50
30 54
30 86
30 89
30 67
30 74
30 83
30 70
37 23
37 26
37 39
37 50
37 96
43 25
46 31
74 5
74 7
74 8
74 24
74 25
74 27
74 44
74 53
74 54
74 56
74 68
74 76
74 86
74 91
74 95
74 97
74 81
61 23
61 53
61 85
53 29
68 31
68 44
68 53
68 54
68 56
68 85
40 29
40 78
36 44
36 54
36 42
36 66
36 95
36 86
36 94
28 60
28 87
28 61
56 26
56 46
52 88
52 60
52 94
52 93
52 78
50 26
50 29
50 38
50 46
72 23
72 25
72 38
72 53
72 61
72 93
31 85
69 14
69 29
69 46
69 72
69 76
