0 708
0 82
0 845
0 851
0 717
0 310
0 586
0 565
0 702
0 825
0 636
0 616
0 332
999 61
999 66
999 77
999 432
999 963
999 997
2 80
2 391
2 513
2 326
2 899
2 705
2 926
998 144
998 421
998 669
998 819
998 959
998 976
998 985
998 988
998 992
4 712
4 641
4 900
4 673
4 61
4 434
4 778
4 652
4 477
6 853
6 127
6 852
6 861
6 345
6 870
6 505
6 119
6 886
6 956
6 575
6 463
993 952
993 955
993 959
993 962
993 963
993 965
993 970
993 973
993 976
993 982
993 984
993 985
993 986
993 995
8 673
8 65
991 19
991 22
991 24
991 28
991 29
991 37
991 167
991 172
991 195
991 201
991 562
991 953
991 954
991 957
991 961
991 962
991 963
991 964
991 965
991 966
991 967
991 970
991 971
991 972
991 973
991 981
991 986
991 994
991 996
991 999
10 913
10 933
10 116
10 533
10 936
10 97
10 893
10 712
10 643
990 659
990 681
990 807
990 855
11 86
989 28
989 149
989 698
989 745
989 856
989 940
989 941
989 945
989 950
989 951
989 952
989 964
989 967
989 968
989 969
989 973
989 976
989 984
989 985
989 988
989 990
989 996
12 507
12 585
12 399
12 648
12 132
12 77
15 249
985 13
985 21
985 143
985 152
985 244
985 253
985 273
985 367
985 378
985 449
985 453
985 504
985 547
985 590
985 596
985 720
985 728
985 743
985 853
985 919
985 936
985 971
985 988
985 997
985 999
984 25
984 31
984 32
984 37
984 124
984 132
984 420
984 440
984 461
984 547
984 590
984 635
984 756
984 758
984 884
984 949
984 951
984 953
984 955
984 960
984 961
984 964
984 965
984 967
984 968
984 978
984 980
984 983
984 988
984 992
984 995
984 997
982 19
982 21
982 51
982 59
982 75
982 88
982 211
982 335
982 632
982 667
982 685
982 711
982 940
982 945
982 949
982 955
982 959
982 964
982 965
982 970
982 971
982 975
982 978
982 980
982 985
982 990
982 994
982 997
982 998
981 599
981 611
981 615
981 631
981 679
981 976
981 993
981 997
20 363
21 161
21 88
978 254
978 266
978 328
978 369
978 748
978 834
978 850
978 929
978 938
978 960
978 968
978 971
978 985
978 997
978 999
977 13
977 21
977 76
977 211
977 233
977 334
977 353
977 427
977 434
977 517
977 623
977 639
977 687
977 836
977 936
977 940
977 941
977 946
977 947
977 948
977 949
977 950
977 951
977 952
977 954
977 956
977 958
977 959
977 969
977 970
977 974
977 976
977 979
977 984
977 987
977 990
977 992
977 997
976 21
976 22
976 143
25 531
25 250
973 18
973 62
973 80
973 205
973 504
973 516
973 627
973 753
973 757
973 800
973 925
973 952
973 955
973 957
973 964
973 971
973 972
973 976
973 980
973 990
973 992
973 997
971 418
971 990
971 992
971 995
30 476
30 748
30 430
30 824
30 816
970 19
970 69
970 86
970 119
970 135
970 281
970 406
970 466
970 614
970 647
970 683
970 822
970 826
970 847
970 929
970 945
970 957
970 961
970 966
970 968
970 971
970 976
970 983
970 990
970 992
970 995
970 999
31 40
969 172
969 196
969 209
969 335
969 391
969 431
969 466
969 502
969 524
969 558
969 576
969 639
969 740
969 762
969 866
969 921
969 923
969 928
969 949
969 955
969 959
969 960
969 963
969 964
969 976
969 988
969 990
969 997
33 365
966 35
966 124
966 167
966 213
966 294
966 349
966 389
966 443
966 583
966 642
966 814
966 886
966 905
966 919
966 921
966 936
966 945
966 990
966 992
963 80
963 115
963 131
963 230
38 86
38 230
38 634
38 945
38 601
38 224
38 733
38 726
38 169
38 905
38 326
38 827
38 276
38 802
38 583
958 186
958 432
958 509
958 661
958 846
958 893
958 912
958 913
958 922
958 923
958 925
958 945
958 950
958 951
958 953
958 954
958 961
958 964
958 966
958 969
958 971
958 976
958 978
958 983
958 993
958 995
958 998
957 21
957 35
957 88
957 316
957 420
44 965
44 263
44 401
44 278
44 383
44 477
44 311
44 403
44 662
44 79
44 453
44 571
956 7
956 13
956 101
956 185
956 464
956 824
956 922
956 923
956 925
956 931
956 932
956 945
956 949
956 950
956 952
956 954
956 955
956 958
956 962
956 969
956 972
956 975
956 979
956 982
956 984
956 987
956 993
956 997
956 999
46 144
49 587
49 468
49 464
49 253
49 931
49 991
49 885
49 406
49 680
49 623
49 240
49 767
49 663
49 765
951 244
951 263
951 296
951 337
951 391
951 464
951 597
951 922
951 923
951 925
951 949
951 963
951 968
951 976
951 985
951 988
951 990
951 996
612 110
612 157
612 232
612 428
612 439
612 574
612 593
612 616
612 621
612 631
612 634
612 639
612 644
612 649
612 655
612 683
612 966
612 677
612 842
612 791
612 916
357 40
357 185
357 365
357 369
692 221
692 670
692 673
692 686
692 688
692 693
692 700
692 706
692 709
692 719
692 728
692 732
692 740
692 830
692 878
692 845
692 877
692 874
692 753
642 420
62 516
104 119
104 817
104 772
104 493
104 561
104 399
104 895
784 40
784 753
784 805
784 817
784 825
784 834
784 851
784 970
784 966
784 878
841 11
841 48
841 516
841 805
841 816
741 237
741 360
741 631
741 713
741 728
741 764
741 768
741 770
741 772
741 775
741 779
741 781
741 785
741 788
741 790
741 945
741 988
741 828
422 448
422 451
422 464
422 468
422 654
422 980
422 821
422 679
170 200
170 207
170 551
170 509
170 552
170 879
170 875
170 773
170 283
170 817
170 829
170 676
170 367
716 161
716 695
716 764
716 782
716 822
716 916
716 923
716 810
716 862
916 59
916 244
916 349
916 512
916 513
916 603
916 620
916 878
916 882
916 885
916 912
916 919
916 923
916 925
916 928
916 949
916 951
916 954
916 957
916 961
807 809
438 439
438 468
438 471
438 597
438 994
438 809
438 843
438 784
438 675
438 901
708 675
708 695
708 703
708 711
82 163
82 570
82 245
82 251
82 255
82 676
82 687
82 260
82 610
82 143
82 951
411 19
411 27
411 223
411 435
411 855
411 955
411 813
411 705
845 390
845 647
845 848
845 883
845 888
845 891
845 893
845 967
845 849
845 871
318 397
318 796
318 581
318 902
318 459
318 864
318 438
851 5
851 46
851 50
851 140
704 195
704 369
704 925
704 865
704 799
704 771
704 906
704 900
717 80
717 81
717 688
717 690
717 711
717 728
717 745
717 749
717 760
717 805
717 786
717 778
717 753
717 818
717 843
203 171
203 201
203 366
203 442
310 159
310 363
310 456
310 525
310 469
310 374
55 86
55 206
55 998
55 887
55 67
55 963
55 838
55 711
55 390
55 291
55 775
55 443
55 531
55 186
55 749
586 259
824 40
824 316
824 456
824 809
565 70
565 409
565 560
565 566
565 574
565 605
565 616
565 831
565 902
565 701
565 714
565 580
565 768
702 119
702 164
702 201
702 230
702 428
702 679
702 695
825 436
825 449
825 484
853 164
853 817
636 221
636 256
636 369
636 560
636 742
636 851
79 466
79 385
79 861
79 887
79 428
468 67
468 140
468 289
468 304
468 420
468 443
468 451
332 290
332 369
332 349
332 807
332 903
332 607
332 852
332 916
663 698
663 708
663 803
663 820
663 893
663 948
1 58
1 59
1 595
1 173
1 83
1 810
997 28
997 36
997 41
997 73
997 157
997 172
997 185
997 257
997 393
997 503
997 561
997 638
997 644
997 664
997 728
997 740
997 813
997 877
997 887
997 941
997 949
997 953
997 963
997 964
997 968
997 972
997 995
997 996
996 961
996 990
987 29
987 205
987 221
987 313
987 477
987 536
987 706
987 727
987 813
987 840
987 957
987 964
987 969
987 972
987 983
987 984
987 989
987 999
17 251
17 240
17 722
17 591
17 68
17 22
17 372
17 302
17 366
17 214
17 896
17 910
17 476
17 199
17 230
17 490
17 782
983 54
983 948
983 952
983 957
983 976
983 985
983 999
22 361
980 99
980 241
980 259
980 603
980 936
980 941
980 949
980 952
980 955
980 960
980 964
980 990
980 997
23 112
23 383
23 784
23 712
23 503
23 737
23 838
23 852
23 73
979 24
979 374
979 698
979 834
979 945
979 953
979 963
979 972
979 984
979 989
979 992
979 996
26 75
26 259
26 262
26 485
26 677
975 949
975 955
975 963
975 995
975 999
972 161
972 173
972 275
972 427
972 495
972 798
972 824
972 848
972 923
972 928
972 948
972 949
972 961
972 963
972 990
972 992
968 61
968 242
968 247
968 250
968 273
968 279
968 304
968 443
968 701
968 925
968 936
968 945
968 961
968 995
967 254
967 289
967 408
967 531
967 545
967 923
967 948
967 952
967 955
967 957
967 960
967 963
967 985
967 988
967 990
967 992
962 549
962 755
962 834
962 917
962 925
962 936
962 949
962 952
962 959
962 969
962 971
962 990
962 992
962 997
962 999
41 333
41 64
961 995
960 345
960 478
960 675
960 737
43 795
43 607
43 716
43 641
43 166
43 661
959 435
959 439
959 571
959 651
959 740
959 861
959 880
959 911
959 917
959 928
959 961
959 963
959 976
959 990
952 961
952 976
471 230
471 232
757 464
757 541
757 576
757 711
187 171
187 186
187 226
187 233
187 568
187 306
187 536
187 741
187 754
187 397
187 799
187 466
187 360
187 243
187 622
187 916
854 7
854 249
854 325
854 566
854 567
854 693
425 54
425 574
425 719
425 759
698 198
698 387
698 427
698 673
813 97
813 239
813 316
813 675
813 767
813 777
813 782
813 798
813 809
813 817
813 825
813 831
813 847
813 855
746 233
746 340
746 700
746 703
746 706
746 707
746 711
746 713
746 728
746 793
746 795
746 829
746 939
553 112
553 167
553 516
553 643
553 707
817 809
685 31
685 157
685 255
685 374
685 585
685 700
685 688
138 101
138 778
138 863
138 410
138 402
138 534
138 696
138 147
138 759
138 269
138 210
138 423
138 542
405 3
405 70
405 94
405 150
405 226
405 616
405 602
93 181
944 29
944 221
944 346
944 560
944 706
944 728
944 897
944 923
944 963
944 977
944 979
944 983
944 986
944 992
944 961
58 171
393 36
393 66
393 365
393 437
393 576
384 18
384 75
384 345
384 369
384 643
152 201
572 290
572 435
260 380
260 413
260 549
260 348
260 562
260 823
260 337
260 658
635 81
635 264
635 468
635 593
635 665
635 672
635 676
635 679
635 681
314 31
314 39
314 235
314 374
621 13
621 427
621 492
59 142
59 205
426 40
426 408
426 451
426 471
426 594
426 506
426 692
858 115
858 363
858 841
858 859
858 882
288 88
288 590
288 631
595 250
595 307
595 382
595 437
595 642
941 78
941 239
941 264
941 379
941 429
941 585
941 917
941 976
941 990
83 183
83 911
83 550
83 510
868 40
868 200
868 579
868 688
868 864
868 882
868 965
810 795
810 816
810 825
810 834
810 844
810 848
810 851
810 855
810 858
810 987
810 915
810 896
810 832
9 275
9 901
9 62
9 125
9 797
994 365
994 406
994 408
994 598
994 638
994 822
994 945
994 949
994 966
994 968
994 971
994 972
994 980
994 989
994 995
994 998
988 827
988 830
988 873
988 885
988 911
988 971
988 980
988 990
974 233
974 390
974 452
974 478
974 537
974 601
974 657
974 732
974 749
974 819
974 932
974 936
974 940
974 941
974 959
974 966
974 976
974 993
974 995
974 997
37 167
965 164
965 173
965 262
965 443
965 579
965 707
965 814
965 830
965 988
965 992
965 996
965 998
964 163
964 171
964 295
964 374
964 600
964 780
964 851
964 883
964 917
964 928
964 990
47 40
47 67
47 70
47 75
47 88
47 103
47 952
47 381
47 590
47 567
47 322
47 769
47 209
47 877
47 365
47 468
47 637
47 536
955 311
955 340
955 632
954 3
954 149
954 213
954 385
954 393
954 505
954 545
954 665
954 710
954 812
954 846
954 885
954 921
954 923
954 925
954 927
954 945
954 949
954 952
954 957
954 966
954 972
954 976
954 995
617 171
617 497
617 574
617 596
617 610
617 611
617 613
617 615
617 616
617 619
617 624
617 632
617 635
617 642
617 646
617 649
617 654
617 656
617 660
617 663
617 665
617 993
617 691
617 983
617 916
617 680
617 991
617 778
617 909
375 35
375 813
375 781
375 531
690 345
690 448
664 69
664 110
664 119
664 197
664 304
664 709
664 711
664 713
664 756
664 804
664 851
664 776
664 848
791 39
791 159
791 172
791 360
791 366
791 416
791 488
791 497
791 615
791 639
791 782
791 995
886 247
886 481
886 579
886 616
886 641
886 665
886 672
886 695
886 803
886 846
886 847
886 855
410 551
410 706
410 701
504 35
504 37
504 133
504 387
504 531
504 690
504 610
504 671
504 667
558 265
558 275
558 349
558 525
558 544
558 549
558 560
558 567
558 572
558 586
558 590
558 592
558 597
558 599
558 670
558 675
558 797
558 848
558 613
558 648
100 144
100 262
100 410
100 645
100 853
100 786
100 294
100 824
100 427
100 207
100 301
100 943
100 599
100 657
100 735
100 417
100 721
100 209
195 54
815 114
815 124
815 142
815 148
815 782
815 794
815 795
815 805
815 814
815 861
815 970
815 987
815 891
815 912
815 964
163 164
163 186
163 205
163 336
163 307
163 198
56 691
56 615
56 622
56 155
56 934
56 199
56 895
56 522
56 822
670 254
670 279
670 420
901 64
901 65
901 114
901 483
901 498
901 695
901 711
901 816
901 854
901 855
901 897
901 923
901 936
901 938
901 941
901 944
901 948
901 950
901 919
358 880
358 986
358 556
358 849
358 646
358 666
358 831
358 702
358 900
358 905
358 653
330 435
330 342
330 902
278 289
278 305
278 308
278 311
278 315
278 319
278 321
278 324
278 327
278 516
278 341
278 699
278 613
278 645
278 744
278 430
278 832
278 512
278 360
278 955
278 640
278 342
278 496
263 119
391 7
391 29
391 214
391 342
391 365
391 369
391 428
391 437
102 390
102 198
513 18
257 64
257 307
257 266
257 433
326 186
326 279
326 290
326 342
326 352
326 355
326 359
326 362
326 365
326 371
326 374
326 567
326 724
326 562
326 454
326 528
326 831
326 926
326 874
326 578
326 851
899 116
899 239
899 275
899 299
899 305
899 487
899 648
899 649
899 686
899 767
899 853
899 855
899 859
899 864
705 443
705 484
705 679
705 686
705 753
705 914
705 929
705 857
705 864
926 50
926 66
926 343
926 416
926 464
926 631
926 902
926 912
926 919
926 922
926 971
926 978
926 998
14 464
14 275
14 317
14 491
14 165
14 432
14 872
14 249
14 462
14 631
14 597
986 19
986 21
986 28
986 186
986 189
986 266
986 334
986 387
986 597
986 598
986 651
986 945
986 949
986 953
986 959
986 960
986 961
986 963
986 967
986 980
986 982
986 990
986 992
986 995
986 997
986 999
42 75
42 343
42 387
42 986
42 734
42 783
42 545
42 884
42 390
42 131
42 780
220 977
220 529
220 292
220 485
220 547
611 3
611 148
444 144
444 171
444 427
444 437
444 441
444 443
444 451
444 466
444 492
444 800
444 756
444 773
444 635
444 642
444 573
444 565
444 553
444 815
444 614
444 838
940 363
940 408
940 963
940 976
593 346
299 140
299 279
418 290
447 408
447 412
447 420
447 427
447 435
447 439
447 471
447 480
447 482
447 484
447 487
447 492
447 494
447 835
447 852
447 954
447 574
447 940
447 907
447 733
447 813
447 888
447 722
447 972
447 650
866 247
866 349
866 544
866 710
866 841
866 882
434 408
434 436
434 488
929 39
929 86
929 167
929 230
929 256
929 264
929 289
929 925
754 3
754 36
754 246
754 308
754 456
754 466
754 610
754 713
754 728
754 733
754 744
754 749
754 795
754 803
754 957
754 814
754 845
754 873
720 101
720 336
720 337
720 469
720 679
720 695
625 3
625 144
625 197
625 492
625 562
625 673
625 910
625 760
625 962
625 769
625 940
931 893
931 902
931 904
151 619
151 309
151 962
151 688
151 378
151 929
151 391
151 210
877 201
627 316
627 390
627 478
627 616
779 186
779 255
779 372
779 816
779 824
713 3
713 40
713 171
347 592
347 936
347 697
347 436
347 778
628 164
628 498
628 557
628 585
628 643
628 649
628 672
628 676
628 719
628 757
628 992
651 86
651 497
651 605
651 616
651 621
651 728
651 720
736 408
736 593
736 695
736 700
736 713
736 722
736 726
736 730
736 732
736 733
736 734
736 742
736 744
736 747
736 750
736 752
736 755
736 757
736 759
736 762
736 765
736 768
736 772
736 775
736 784
736 895
736 974
538 112
538 185
538 196
538 249
538 263
538 304
184 403
184 951
184 919
898 308
898 363
898 523
898 555
898 807
898 822
898 856
898 923
898 945
898 947
898 975
189 171
189 223
189 266
189 259
34 70
34 989
34 988
34 986
34 737
34 961
34 659
34 794
34 943
34 375
34 626
34 327
34 526
34 405
34 632
34 806
34 866
34 660
34 493
34 302
34 332
34 176
34 246
34 43
34 185
34 67
53 101
53 802
53 999
53 659
53 862
53 385
53 230
53 636
53 80
53 367
53 163
53 276
682 514
682 686
682 688
682 690
682 695
682 700
682 708
682 717
682 720
682 722
682 724
682 726
682 729
682 836
682 739
682 901
682 776
682 950
682 842
573 140
573 169
573 211
573 372
573 409
573 571
573 583
573 594
573 599
573 601
573 604
573 613
573 618
573 621
573 771
573 644
573 848
573 901
573 825
573 710
573 713
573 626
725 80
725 134
725 186
725 311
725 331
725 339
725 374
725 392
725 505
725 592
725 686
725 701
725 703
725 744
725 749
725 766
725 768
725 771
725 773
725 929
725 861
725 822
725 820
725 811
530 200
530 244
530 333
530 516
530 566
530 569
530 577
530 881
530 624
530 607
530 605
530 988
829 428
829 487
829 550
829 676
829 733
829 848
829 859
829 861
829 873
829 875
829 877
829 835
829 893
545 142
710 230
710 307
710 462
710 484
710 596
710 616
710 673
710 675
908 412
908 437
908 481
908 555
908 749
908 803
908 814
908 859
908 861
908 882
908 948
908 950
908 953
908 957
601 995
363 66
363 161
712 670
712 673
712 679
712 688
712 690
712 713
712 883
712 719
879 70
879 226
879 519
879 568
879 701
879 762
879 834
879 846
879 853
879 854
879 907
879 911
879 913
879 916
879 919
879 921
879 924
879 926
879 987
879 948
641 52
641 72
641 479
641 621
641 686
900 385
900 497
900 891
900 893
900 919
900 922
900 930
900 936
900 941
900 944
900 948
900 970
673 77
673 167
175 223
175 229
175 349
175 628
175 332
515 81
515 489
515 492
515 605
778 817
778 848
370 532
370 864
370 985
370 744
370 739
370 593
370 931
652 7
652 205
766 40
766 189
766 393
766 443
766 449
766 462
766 703
766 719
766 720
766 726
766 733
766 748
766 782
766 798
766 800
766 919
766 832
766 986
477 18
477 75
477 235
477 291
477 437
477 443
477 516
233 201
889 131
889 140
889 172
889 232
889 262
889 263
889 296
889 514
889 551
889 553
889 566
889 580
889 619
889 621
889 647
889 848
889 853
889 859
889 864
889 929
889 934
889 936
889 992
889 957
897 443
897 616
897 621
897 819
897 853
938 86
938 144
938 961
136 223
136 399
136 504
136 954
920 5
920 67
920 339
920 448
920 643
920 651
920 655
920 709
920 776
920 825
920 853
920 966
920 968
920 983
180 196
180 199
180 201
180 205
180 207
180 209
180 212
180 214
180 218
180 223
180 226
180 228
180 362
180 363
180 603
180 428
180 565
180 938
180 629
180 436
180 844
180 883
180 384
180 383
180 323
430 254
430 733
430 921
113 86
113 114
113 140
113 149
113 155
113 501
113 293
113 872
113 744
113 496
113 751
113 398
113 844
113 410
113 499
113 775
113 909
113 305
113 545
113 637
113 859
113 210
113 222
98 133
98 142
98 297
98 941
98 306
98 904
98 490
98 736
98 457
98 326
98 489
98 879
98 309
98 566
98 817
98 496
98 353
98 236
98 586
57 766
57 783
57 697
57 905
237 279
237 244
237 310
762 5
762 88
762 247
762 360
762 683
762 688
762 713
409 39
409 149
409 270
409 333
409 363
795 995
473 167
473 516
473 611
473 665
473 576
473 540
473 692
473 558
473 774
745 7
745 59
745 232
745 235
745 334
745 421
745 567
745 800
190 235
190 312
190 438
190 744
190 316
190 972
190 347
190 916
190 978
190 320
190 400
190 649
190 268
190 337
190 654
190 749
765 728
765 767
765 782
765 793
765 797
765 800
765 804
765 806
765 808
765 811
765 836
765 830
765 915
765 825
694 562
694 655
694 686
694 695
694 703
694 733
694 738
694 881
694 791
694 844
485 363
485 365
485 443
485 448
485 513
485 515
485 519
485 525
485 533
485 860
485 744
485 672
485 638
485 930
485 981
485 857
485 603
485 489
346 58
346 119
610 186
610 259
610 302
610 574
610 593
610 649
773 16
773 35
773 76
773 440
773 572
773 608
773 686
773 726
773 744
773 748
773 798
773 940
731 75
731 219
731 225
731 365
731 379
731 390
731 437
731 439
731 690
731 848
731 995
731 932
323 333
323 369
323 967
323 460
323 758
323 809
323 500
830 46
830 64
830 78
830 295
830 433
830 520
830 809
624 97
624 161
624 171
624 213
624 230
624 576
624 585
624 593
624 597
624 616
624 671
624 713
624 753
742 88
742 273
742 302
742 545
742 549
742 700
742 703
742 706
742 707
742 709
742 777
742 822
742 821
742 849
742 890
742 942
742 813
836 200
836 206
836 392
836 408
836 616
836 805
836 817
836 881
836 883
836 990
111 144
111 247
111 211
111 241
111 181
111 162
111 219
111 610
111 841
111 792
668 198
668 621
668 655
668 673
668 676
668 683
668 685
668 688
668 693
668 699
668 702
668 705
668 707
668 709
668 713
668 715
668 802
668 894
668 931
668 858
668 783
668 898
315 363
315 418
315 405
315 640
315 471
922 284
922 414
922 468
922 605
922 643
922 883
922 885
922 891
922 893
922 897
922 902
922 925
676 66
676 420
676 711
563 66
563 134
563 214
563 289
563 369
563 516
563 551
563 574
563 581
563 593
563 599
563 611
563 995
563 623
563 647
563 646
563 617
563 613
880 50
759 847
759 866
699 275
699 294
699 317
699 686
699 695
699 711
699 726
699 728
699 732
699 743
699 755
699 940
699 868
699 962
948 40
948 412
948 437
948 923
948 928
948 992
696 164
696 374
696 825
696 858
696 794
696 702
696 904
696 952
127 171
127 372
852 35
852 308
852 894
852 897
852 901
852 954
852 980
182 188
182 830
182 993
739 580
739 703
739 711
739 728
739 744
739 749
739 756
739 758
739 761
739 766
739 769
739 771
739 775
739 779
739 785
739 825
739 846
739 995
739 895
739 948
739 844
739 820
928 902
870 64
870 75
870 127
870 209
870 525
870 708
870 728
870 831
870 841
870 855
870 893
870 900
870 906
870 909
870 912
870 914
870 916
870 940
870 871
505 70
505 346
497 29
497 101
497 333
461 52
461 179
461 181
461 346
461 451
243 244
243 249
243 266
243 281
243 283
243 287
243 291
243 866
243 626
243 512
243 923
243 788
243 620
243 768
243 429
243 655
243 595
243 662
243 954
243 682
243 981
243 779
243 831
575 213
575 468
575 497
575 581
575 614
575 620
575 576
575 703
575 850
575 890
575 904
575 584
575 729
376 65
376 581
376 551
463 185
463 201
463 464
463 478
463 510
463 512
463 845
463 908
463 590
463 693
463 920
463 620
463 602
463 749
463 551
463 573
463 875
240 201
240 266
240 325
240 410
240 758
240 594
240 701
453 7
453 150
453 464
453 522
496 241
496 448
496 489
496 516
496 520
496 524
496 531
496 615
496 917
496 994
496 878
496 959
496 995
496 908
496 700
496 506
496 764
496 791
809 7
809 93
809 107
809 205
809 206
809 254
564 88
564 161
564 468
564 566
564 596
564 654
564 853
564 710
564 813
783 443
783 512
783 585
783 615
783 693
783 756
783 767
783 772
783 773
783 774
783 775
783 776
783 777
783 784
783 790
783 795
783 797
783 803
783 805
783 808
783 812
783 814
783 817
783 819
783 822
783 826
783 831
783 936
783 985
783 853
783 864
596 7
596 126
596 154
596 551
368 342
368 345
368 365
368 408
368 986
368 756
368 431
368 973
368 743
368 487
368 868
368 947
368 872
368 602
368 555
368 383
368 641
287 325
287 509
287 342
287 618
287 707
287 483
287 522
287 633
287 364
285 164
285 363
803 333
803 345
803 593
803 755
803 777
803 805
598 140
598 279
598 372
598 665
839 67
839 230
839 738
839 767
876 7
876 22
876 73
876 99
876 115
876 223
876 241
876 359
876 417
876 613
876 695
876 882
876 885
876 893
876 898
876 901
876 903
876 906
876 909
876 911
876 915
876 918
876 922
876 998
819 520
819 536
819 809
383 7
383 408
383 412
383 421
383 429
383 494
383 812
383 452
383 685
383 904
383 872
383 500
383 713
383 957
383 578
383 538
383 915
383 765
383 695
84 40
84 110
84 114
84 124
84 987
84 980
84 429
84 613
84 169
84 680
84 286
84 581
84 919
84 293
84 952
84 305
84 603
84 359
540 244
540 325
540 492
540 513
540 545
540 558
540 561
540 563
540 565
540 568
540 570
540 573
540 575
540 577
540 580
540 584
540 588
540 644
540 607
540 915
540 879
540 673
540 734
540 838
540 747
540 962
927 484
927 580
927 635
927 885
927 893
927 961
927 976
927 995
420 7
420 167
882 99
380 7
380 167
380 346
380 420
380 566
380 655
380 579
380 575
380 492
380 591
489 198
489 339
688 127
688 295
688 346
688 456
688 566
688 686
483 66
483 498
483 525
483 489
792 150
792 614
792 973
792 852
543 593
543 795
543 710
543 744
543 689
543 868
543 890
860 31
860 631
860 878
860 883
860 885
860 888
860 891
860 894
860 898
860 902
860 908
359 675
359 579
234 679
587 161
587 171
587 631
587 719
587 992
587 929
587 656
587 758
587 895
204 325
204 275
146 652
146 412
419 54
419 110
419 131
419 154
419 342
419 372
419 427
419 449
419 451
419 455
419 457
419 460
419 462
419 467
419 959
419 894
419 610
419 770
419 741
419 882
419 809
419 508
419 578
419 615
419 869
419 993
597 27
597 73
597 135
597 201
597 242
597 259
216 272
216 405
216 518
216 924
216 429
216 501
548 50
548 70
548 748
548 635
548 881
548 808
548 852
382 205
382 365
382 369
382 428
672 66
672 144
672 366
672 433
672 462
672 642
555 249
555 387
555 516
555 560
555 574
555 585
555 733
555 655
120 164
120 577
120 734
120 142
120 458
120 863
120 710
120 768
120 286
120 588
399 73
399 135
399 420
399 428
399 441
399 856
399 461
399 765
399 544
399 775
356 953
356 596
356 827
701 97
701 186
701 294
701 361
701 432
701 579
386 369
386 432
386 435
386 755
386 766
936 893
936 913
936 919
936 961
799 418
799 461
799 520
799 767
799 782
799 817
799 824
799 832
799 834
799 836
799 838
799 842
799 845
799 847
799 893
799 864
799 870
888 37
888 67
888 115
888 250
888 255
888 382
888 584
888 621
888 738
888 841
888 846
888 875
888 893
888 902
800 77
800 115
800 199
800 406
800 431
800 809
123 171
123 225
123 702
123 951
292 119
292 308
292 333
292 339
292 870
292 649
292 342
292 567
292 851
292 859
292 577
292 371
292 465
557 200
557 219
557 230
196 235
196 244
196 213
349 24
349 40
349 126
349 254
349 279
674 700
674 707
674 909
674 882
674 752
674 931
674 689
674 954
674 769
674 884
321 363
321 698
321 429
321 823
321 528
321 802
321 898
321 918
321 644
321 478
321 857
321 577
321 763
321 524
321 726
470 24
470 110
470 443
470 451
470 464
470 471
470 488
470 503
470 505
470 509
470 511
470 515
470 518
470 562
470 547
470 601
470 549
470 844
470 827
470 736
470 773
470 870
526 462
526 478
526 497
526 505
526 524
526 531
526 541
526 543
526 545
526 547
526 552
526 557
526 560
526 566
526 569
526 572
526 574
526 869
526 942
526 876
526 801
526 578
526 980
666 432
666 464
666 707
666 831
666 755
666 995
162 75
162 436
162 191
797 29
797 124
797 135
797 214
797 226
797 247
797 308
797 366
797 408
797 553
797 580
797 590
797 620
797 631
797 748
797 755
797 767
764 593
764 795
764 807
764 809
764 790
764 901
828 557
828 590
828 755
828 795
828 807
828 816
828 839
828 841
828 847
828 853
828 856
828 859
828 862
828 864
828 867
828 871
828 876
828 925
828 906
671 27
671 466
671 596
806 50
806 61
806 115
806 408
806 605
806 782
806 809
806 845
806 850
806 852
806 997
806 858
806 943
806 868
806 983
431 246
431 420
431 478
282 325
282 435
282 898
282 528
282 619
282 496
132 234
132 753
132 905
301 343
301 346
301 419
301 461
301 523
301 383
301 702
301 649
301 385
301 546
301 648
580 164
580 221
580 279
580 478
580 593
423 161
423 308
423 778
423 723
913 103
913 115
913 214
913 337
913 822
913 882
933 512
933 595
933 878
933 936
933 967
933 969
933 974
933 978
933 981
933 996
519 246
519 247
519 599
116 131
842 15
842 27
842 36
842 60
842 61
842 140
842 144
842 181
842 310
842 343
842 391
842 886
842 995
533 562
533 574
533 579
533 781
533 826
533 658
533 965
533 778
909 611
909 878
909 893
909 913
909 927
909 929
909 934
909 937
909 941
909 945
909 947
909 956
909 998
909 939
245 61
245 86
245 201
245 244
245 270
245 289
245 291
245 846
245 803
245 703
245 844
245 409
245 612
245 603
245 579
245 625
245 737
300 754
300 659
300 625
300 493
300 502
643 94
643 149
643 206
826 206
826 416
826 451
826 875
267 58
267 86
267 185
267 223
267 244
267 379
267 471
267 401
267 349
683 433
400 46
400 279
400 437
400 443
400 448
400 759
400 452
400 768
400 538
400 960
400 933
158 197
158 608
398 369
398 420
398 433
398 435
398 441
398 443
398 625
398 697
398 971
398 413
398 960
398 766
398 515
398 995
398 639
442 69
442 164
442 685
801 189
801 264
801 331
801 572
801 581
801 595
801 685
801 756
801 767
801 809
801 905
547 204
547 593
547 551
547 667
108 867
108 309
108 735
108 667
108 432
108 395
108 961
108 362
108 422
108 518
108 277
108 229
353 976
353 789
917 11
917 69
917 72
917 110
917 262
917 505
917 580
402 365
402 369
402 432
402 435
402 437
402 451
402 783
402 623
402 735
402 809
402 998
402 916
402 932
402 520
402 765
402 641
73 86
73 119
73 235
715 39
715 204
715 225
715 385
715 599
715 686
715 688
715 690
715 703
715 707
715 734
715 737
715 741
715 743
715 747
715 749
715 754
715 757
715 761
715 956
715 932
715 870
715 917
804 69
804 263
804 295
804 304
804 317
804 331
804 378
804 416
804 469
804 489
804 547
804 634
804 824
648 185
871 58
871 478
871 509
871 848
871 882
871 917
871 998
871 940
777 201
777 374
552 80
552 112
552 142
552 346
552 456
552 560
552 566
552 574
552 579
552 584
552 591
552 595
552 597
552 601
552 554
552 771
552 699
552 824
552 717
552 896
552 608
506 65
506 471
506 484
506 489
506 549
506 551
506 576
506 639
165 402
165 793
165 709
165 894
165 229
165 995
165 198
248 762
248 830
248 507
248 965
217 223
217 230
217 244
217 250
217 253
217 255
217 261
217 263
217 265
217 715
217 870
217 726
217 949
217 559
217 916
217 836
217 759
217 294
217 375
217 869
217 749
217 671
776 67
776 489
776 509
776 586
776 822
776 825
542 296
542 316
542 516
542 701
542 693
542 673
542 711
752 102
752 181
752 230
752 345
752 412
752 794
752 804
752 914
481 144
875 144
875 308
875 453
875 608
475 144
475 169
475 232
475 339
475 510
475 512
475 515
475 520
475 523
475 732
475 795
475 823
475 640
475 883
475 554
475 909
475 969
475 561
878 39
878 59
878 72
878 264
878 311
878 369
878 409
878 448
878 462
878 481
878 627
878 775
878 782
878 882
507 516
507 789
507 933
507 913
507 996
507 833
507 718
507 876
507 587
507 696
507 614
269 304
269 308
269 363
269 559
269 900
269 620
269 431
665 13
665 197
665 304
665 325
665 336
665 469
665 621
665 631
665 642
665 673
697 24
697 186
697 412
697 489
697 545
697 655
697 995
718 247
718 295
718 673
718 675
718 679
718 695
718 703
718 749
718 755
718 761
718 764
718 897
718 947
718 980
718 961
947 235
947 270
947 290
947 902
947 927
947 931
947 936
947 945
947 952
947 960
947 971
947 975
947 979
947 984
947 988
947 992
947 994
947 996
551 13
551 21
551 88
551 265
551 428
199 427
63 101
63 325
63 594
63 291
63 442
63 585
63 283
63 672
63 614
63 315
63 693
63 261
63 520
63 391
63 434
63 714
327 357
327 361
327 365
327 367
327 643
327 615
327 515
327 537
327 824
327 541
327 344
327 922
327 637
790 331
790 506
790 690
790 855
160 171
160 197
160 762
160 521
160 909
160 399
160 536
160 603
160 291
160 488
160 449
160 760
160 559
160 411
160 985
160 439
532 489
532 492
532 516
532 576
532 580
532 679
532 948
488 114
488 451
324 335
324 339
324 341
324 345
324 349
324 352
324 356
324 363
324 366
324 369
324 874
324 753
324 756
324 906
324 389
324 513
324 410
324 451
324 491
324 804
324 621
324 864
324 561
324 622
735 171
735 544
735 599
735 707
735 728
735 755
735 767
735 774
735 780
735 783
735 967
735 901
735 842
367 150
277 703
277 837
277 794
277 347
277 931
202 235
202 513
202 635
202 352
202 778
202 757
202 292
202 806
202 979
202 435
202 914
202 383
202 659
202 638
202 454
89 54
89 99
89 114
89 119
89 135
89 481
89 453
89 166
89 284
89 467
89 153
89 833
89 735
89 185
89 466
89 482
89 744
89 941
798 13
798 19
798 101
798 249
798 273
798 390
798 536
798 605
798 701
798 749
798 805
629 46
629 78
629 80
629 488
629 549
629 581
629 621
629 642
629 655
629 671
629 673
629 677
629 949
629 884
629 919
629 889
629 700
856 101
856 225
856 233
856 270
856 302
856 317
856 448
856 551
856 562
856 616
856 848
856 859
811 13
811 50
811 69
811 135
811 345
811 673
811 679
811 809
811 834
811 846
811 848
811 850
811 852
811 856
811 970
811 941
811 933
222 265
222 363
222 579
222 482
222 696
222 345
222 763
222 735
222 319
222 300
222 715
222 562
522 13
522 374
522 580
677 13
677 72
677 196
677 365
677 436
677 632
677 642
677 649
677 655
723 290
723 412
723 428
723 698
723 761
723 768
723 772
723 933
723 911
723 809
723 899
193 477
403 189
403 299
403 408
403 411
403 413
403 416
403 419
403 422
403 425
403 429
403 438
403 441
403 444
403 446
403 450
403 803
403 575
403 549
403 643
403 971
403 994
403 459
403 569
403 657
403 778
403 894
403 922
403 616
403 908
403 967
918 70
918 110
918 140
918 244
918 249
918 418
918 435
918 779
918 795
918 798
918 893
918 922
918 949
918 951
918 953
918 957
918 961
774 302
774 749
774 805
331 201
469 345
469 365
650 642
650 670
650 673
650 675
650 679
650 681
650 686
650 923
650 864
650 678
464 54
464 75
531 369
722 150
722 562
722 675
722 679
722 690
722 693
722 703
722 711
105 119
105 144
105 150
105 838
105 557
105 510
105 584
105 974
105 226
105 322
105 977
105 421
105 749
105 955
105 282
734 179
734 233
734 672
734 688
734 695
734 701
734 720
734 726
734 733
734 743
734 745
734 749
734 751
734 755
734 761
734 765
734 767
734 769
734 773
734 777
734 779
734 782
734 945
734 816
734 957
491 93
491 264
491 443
491 448
491 628
295 201
252 101
252 295
252 342
252 683
252 819
872 897
872 902
872 909
872 912
872 914
872 916
872 918
872 921
892 99
892 103
892 135
892 290
892 647
892 897
892 902
892 911
892 919
892 923
892 925
892 928
892 935
892 937
892 940
892 944
177 592
177 455
177 866
177 345
177 925
631 70
459 254
459 443
459 456
459 471
459 489
459 492
459 515
459 627
459 696
459 734
459 546
459 580
459 618
459 570
355 75
355 376
355 379
355 382
355 392
355 736
355 689
355 418
355 849
355 509
355 569
355 528
355 825
355 477
355 586
355 828
355 743
355 471
355 975
441 164
441 420
781 214
781 254
781 519
781 597
781 651
781 675
781 748
781 749
781 782
781 794
781 805
781 809
781 812
781 816
781 819
781 826
781 969
781 864
781 878
808 144
808 418
808 469
808 805
808 807
808 817
808 841
808 846
808 850
808 854
808 856
808 983
808 911
863 247
863 551
863 683
863 897
863 899
863 902
863 904
863 907
863 909
863 911
863 942
863 917
863 983
760 135
760 513
760 748
760 749
760 755
760 969
588 696
147 101
147 522
147 665
147 520
147 314
147 405
147 539
147 775
147 803
147 776
350 159
350 221
350 279
350 307
350 308
350 333
350 345
350 369
350 385
350 391
350 597
350 480
350 511
350 359
350 413
350 519
350 771
350 415
350 536
404 365
404 621
404 724
570 290
570 982
570 717
570 831
570 698
373 342
373 349
373 387
373 531
373 392
373 677
373 885
390 142
390 179
156 243
156 565
156 881
156 844
156 235
156 977
156 633
156 248
156 836
156 270
156 947
156 815
156 349
156 631
121 86
121 150
121 159
121 527
121 894
121 630
121 134
121 445
867 377
867 420
867 421
867 448
867 516
867 732
867 744
867 824
867 844
867 847
867 851
867 855
867 859
867 882
867 893
867 896
867 899
867 902
867 905
867 912
867 984
867 909
539 390
539 497
539 498
539 516
539 557
539 560
539 562
539 567
539 571
539 576
539 580
539 583
539 586
539 588
539 818
539 954
539 831
539 791
539 778
689 255
689 516
689 574
689 655
689 673
689 679
689 713
689 719
689 724
689 726
689 728
689 731
689 735
689 973
689 953
689 913
873 703
873 713
312 345
312 349
312 702
312 989
312 608
312 852
312 717
312 987
312 465
312 998
312 691
322 110
322 363
322 365
322 369
322 505
322 574
501 181
501 205
501 516
501 536
501 817
501 712
501 645
501 909
501 812
501 511
253 307
544 50
638 437
638 557
638 593
638 670
638 679
638 686
638 728
822 119
822 185
822 244
822 782
822 809
822 814
369 205
168 442
168 906
168 739
168 709
168 705
168 282
413 133
413 826
413 787
498 254
498 262
498 264
498 295
498 299
498 443
498 516
848 21
848 142
848 299
848 431
848 566
848 605
286 937
286 349
286 979
286 952
286 757
286 373
286 926
286 751
68 133
68 303
68 899
68 751
68 516
68 759
68 524
68 179
68 821
68 872
68 879
141 186
141 943
141 761
141 472
141 954
141 345
141 754
141 608
141 476
141 905
141 169
141 217
141 897
141 442
141 389
726 512
137 593
137 326
137 463
137 269
137 433
137 422
251 851
251 714
251 801
251 612
251 734
251 325
251 376
849 75
849 159
849 673
849 732
849 809
849 814
849 816
849 831
849 834
849 848
849 854
849 861
849 864
849 877
849 880
849 888
849 891
849 894
849 896
849 908
591 462
591 581
591 605
591 615
591 621
591 661
591 961
591 985
591 733
591 787
591 969
591 608
591 754
90 253
90 330
90 366
90 393
90 981
90 687
90 443
90 426
90 835
90 319
90 894
500 764
500 800
818 66
818 150
818 592
818 681
818 710
818 738
818 873
366 290
366 448
366 427
896 859
896 861
896 875
896 882
896 893
896 902
896 923
896 925
896 928
520 40
520 186
520 219
520 262
520 516
910 58
910 126
910 167
910 197
910 309
910 322
910 441
910 483
910 524
910 569
910 697
910 793
910 902
910 932
910 938
910 941
910 943
910 945
910 949
910 952
910 955
802 185
802 449
802 553
802 598
802 611
802 648
802 782
802 805
802 809
802 817
802 819
802 822
802 830
802 834
802 842
802 845
802 847
802 849
802 851
802 959
802 934
802 988
802 997
476 80
476 171
476 428
476 448
476 471
476 489
476 498
476 520
476 531
476 838
476 960
476 973
476 704
476 650
476 607
494 333
494 451
494 489
494 492
494 516
494 535
494 537
494 540
494 761
494 687
494 717
494 809
494 553
494 610
494 592
494 512
494 582
490 201
490 451
490 456
490 464
490 471
490 524
490 534
490 536
490 726
490 547
490 577
490 747
490 604
490 659
490 774
490 810
681 21
681 54
681 75
681 152
681 169
681 649
681 693
782 94
782 200
782 247
782 289
782 345
782 365
582 492
582 626
582 629
582 668
582 803
582 976
582 789
582 841
582 960
582 650
840 155
840 284
840 503
840 641
840 661
840 733
840 814
840 841
840 882
840 888
458 266
458 437
458 448
458 498
458 505
458 697
458 933
458 521
458 676
458 683
458 610
458 638
511 99
511 464
511 468
511 471
511 516
511 536
511 549
511 551
511 560
511 598
511 803
511 517
511 572
511 828
511 871
511 846
511 724
130 241
130 947
130 981
130 949
869 18
869 61
869 179
869 209
869 379
869 466
869 510
869 817
869 859
812 18
812 54
812 99
812 142
812 525
812 616
812 631
812 795
812 805
812 847
812 851
812 853
812 859
109 164
109 930
109 374
649 173
649 213
649 241
649 259
446 159
446 179
446 201
446 825
446 739
949 223
949 254
949 299
949 308
949 995
827 859
821 586
821 670
821 673
821 720
821 805
821 816
821 817
821 846
821 853
821 855
821 861
821 866
821 870
821 990
821 916
821 925
313 159
313 346
313 361
313 498
336 67
336 223
336 369
427 265
427 333
427 345
749 207
945 755
945 831
945 902
945 925
945 976
693 80
693 86
693 164
693 207
693 214
693 257
693 448
693 675
914 242
914 285
914 328
914 468
914 581
914 592
914 613
914 709
914 720
914 848
914 866
914 885
914 891
914 893
914 923
914 938
914 944
914 948
914 951
914 954
914 956
914 961
914 928
721 140
721 698
721 707
721 713
721 744
721 749
721 755
721 759
721 762
721 764
721 767
721 834
721 810
721 922
721 910
274 279
274 289
274 291
274 295
274 302
274 304
274 311
274 314
274 319
274 322
274 935
274 603
274 340
274 324
274 919
274 348
274 658
274 546
274 840
274 556
274 601
274 615
274 552
274 590
274 667
274 426
274 506
661 64
71 94
71 99
71 110
71 115
71 427
71 636
71 991
71 641
71 132
71 125
71 243
71 581
71 426
71 551
71 766
71 558
71 335
71 202
71 168
653 302
653 498
653 700
653 807
653 971
653 846
96 213
96 769
96 207
96 228
96 273
96 256
96 681
96 775
96 419
96 521
96 811
96 561
96 447
820 20
820 86
820 102
820 134
820 148
820 378
820 406
820 545
820 566
820 732
820 794
820 795
820 814
820 825
820 839
820 848
820 856
820 859
820 861
820 863
820 866
820 868
820 952
309 290
309 367
884 36
884 40
884 70
884 181
884 235
884 241
884 427
884 439
884 516
884 922
884 925
884 929
884 931
884 964
884 961
884 968
884 988
298 290
298 316
298 339
298 342
298 345
298 882
298 757
298 666
298 763
298 575
298 516
298 803
298 592
298 498
298 839
298 649
298 728
298 990
607 66
607 605
607 621
607 643
607 649
607 655
607 670
607 794
607 978
607 880
607 798
221 201
862 148
862 232
862 345
862 441
862 514
862 541
862 560
862 814
862 817
862 819
862 822
862 824
862 846
862 847
862 851
862 864
862 875
862 878
862 886
862 888
862 893
862 905
862 908
862 980
554 581
554 584
554 593
554 597
554 606
554 768
554 608
554 800
554 970
554 962
554 775
554 744
554 944
455 36
455 131
455 171
455 197
455 226
455 408
455 437
455 451
455 792
455 644
455 948
455 930
455 832
602 593
602 616
316 66
316 126
874 65
874 116
874 294
874 299
874 497
874 549
874 608
874 661
874 825
874 831
874 848
874 864
874 875
874 925
874 976
874 955
618 21
618 819
618 801
618 993
112 201
655 21
655 112
655 115
655 148
657 466
657 536
657 632
657 642
657 690
657 695
657 697
657 701
657 896
657 961
657 897
657 932
657 776
657 727
632 484
319 54
319 290
319 365
950 39
950 142
950 266
950 432
950 451
950 576
950 961
950 990
950 997
935 201
935 709
935 797
935 809
935 886
935 905
935 917
935 972
935 975
935 977
935 980
935 997
633 140
633 643
633 665
633 667
633 673
633 679
633 904
633 859
633 991
633 838
633 993
633 850
633 763
633 742
85 101
85 115
85 129
85 131
85 133
85 166
85 218
85 850
85 899
85 903
85 233
85 722
85 646
85 574
85 202
85 738
85 447
85 122
85 644
360 462
502 81
502 124
502 289
502 464
502 712
502 638
128 643
128 921
128 564
128 769
128 683
128 667
128 994
128 521
128 457
128 774
128 161
885 265
885 567
885 584
885 614
885 848
885 882
106 86
106 577
106 441
106 569
106 467
106 385
106 469
106 492
106 324
106 460
106 859
106 709
153 179
153 185
153 197
153 316
153 331
153 935
153 788
153 794
153 630
855 265
855 478
634 88
634 605
634 621
334 290
334 333
118 101
118 142
118 148
118 150
118 159
118 161
118 164
118 429
118 532
118 291
118 468
118 283
816 223
816 235
816 551
614 66
614 112
614 154
614 197
614 265
614 439
775 211
775 434
775 605
775 782
361 161
361 169
361 173
361 266
361 333
512 127
512 255
512 295
512 489
512 492
512 524
535 337
535 409
535 643
535 565
535 924
188 279
452 31
452 265
452 349
452 420
452 437
452 451
452 456
452 464
452 478
452 497
452 461
452 651
452 581
930 52
930 223
930 429
930 534
930 592
930 882
930 888
930 897
930 911
930 928
930 957
930 968
930 976
930 943
503 545
503 549
737 456
737 497
737 534
737 711
354 391
354 396
354 398
354 400
354 869
354 603
354 997
354 405
354 664
354 459
354 554
354 534
354 903
354 635
354 510
838 148
838 273
838 536
838 686
838 706
838 795
838 850
838 853
838 857
838 860
838 862
838 864
838 869
838 871
838 874
838 877
838 881
838 883
838 887
838 977
838 913
371 150
371 342
371 349
371 365
371 369
371 372
371 374
371 696
371 616
371 540
371 910
371 376
371 640
371 881
371 547
371 610
371 987
660 46
660 107
660 534
660 632
660 642
660 643
660 649
660 707
660 709
660 919
660 855
660 776
660 962
660 748
660 915
660 949
660 888
932 24
932 101
932 152
932 205
932 281
932 331
932 435
932 451
932 624
932 671
932 767
932 885
932 897
932 912
932 917
932 923
932 925
932 928
711 307
729 24
729 70
729 213
729 335
729 390
729 690
729 698
729 711
729 713
729 728
729 732
729 738
729 740
729 744
729 755
729 761
729 769
729 773
729 776
729 881
729 930
729 873
729 880
729 943
514 24
514 124
514 516
823 73
823 342
823 365
823 594
823 649
823 858
823 872
823 953
823 910
254 110
207 223
178 223
178 601
178 931
178 968
178 678
178 296
178 709
178 287
178 326
178 818
178 796
541 24
541 142
541 307
192 713
192 471
192 362
192 460
192 983
192 533
761 72
761 99
761 114
761 336
761 642
761 809
761 848
788 45
788 74
788 102
788 133
788 140
788 291
788 369
788 469
788 672
788 749
788 767
788 814
788 823
788 826
788 830
788 834
788 836
788 972
788 979
788 956
788 850
788 882
529 149
529 172
529 221
529 291
529 448
529 489
529 492
529 497
529 505
529 545
529 551
529 557
529 776
529 687
529 869
529 954
103 230
646 86
646 449
646 545
646 621
646 631
646 642
646 675
646 695
646 775
646 909
646 863
646 883
348 333
348 346
348 349
348 365
348 379
348 382
348 391
348 393
348 395
348 632
348 952
348 543
348 873
348 511
348 618
348 824
348 656
348 961
348 503
348 787
348 954
348 483
348 888
348 434
348 699
348 974
284 536
283 279
283 304
283 307
283 325
283 328
283 605
283 515
283 548
283 825
283 601
283 947
283 358
283 845
283 820
283 721
283 390
283 742
283 637
283 494
283 496
743 119
743 185
743 711
743 728
814 140
814 273
814 333
814 448
805 451
805 551
805 767
771 33
771 233
771 579
771 596
771 648
771 675
771 688
771 713
771 805
771 814
771 816
771 965
771 851
771 922
771 858
771 929
486 865
486 758
486 614
486 888
486 780
486 586
486 897
486 806
758 201
758 385
758 393
758 581
758 605
758 749
758 777
758 791
758 795
758 797
758 801
758 805
758 878
758 972
758 849
758 973
724 196
724 250
724 597
724 679
724 695
724 935
609 157
609 279
609 484
609 655
609 859
609 679
609 917
609 954
609 858
87 127
87 129
87 131
87 134
87 136
87 782
87 985
87 272
87 421
87 553
87 453
87 308
87 147
87 480
87 663
87 568
87 917
87 478
87 367
87 699
87 730
748 259
227 265
227 270
227 598
227 297
227 445
227 406
227 401
227 386
227 840
227 458
227 246
227 590
227 670
227 358
227 683
227 655
231 379
231 411
231 715
231 288
231 839
231 830
231 713
231 530
231 478
231 966
231 776
231 369
231 315
231 942
129 171
129 971
129 394
129 560
129 568
129 224
129 862
129 821
129 793
129 873
129 387
129 761
129 211
229 254
229 341
229 910
229 698
229 332
229 635
890 365
890 525
890 807
890 841
890 875
890 925
890 933
890 936
890 938
890 895
890 968
417 66
417 88
417 94
417 110
417 148
417 219
417 420
417 441
417 448
417 451
417 464
417 466
417 566
881 230
881 882
881 949
835 27
835 133
835 173
835 185
835 223
835 308
835 316
835 385
835 681
835 861
835 869
835 872
835 875
835 877
835 879
835 881
835 883
835 991
835 984
835 887
466 77
466 195
843 173
843 294
843 328
843 427
843 676
843 805
843 814
843 816
843 819
843 825
843 827
843 839
843 846
843 853
843 856
843 865
843 869
843 872
843 875
843 878
843 884
843 888
843 891
843 954
843 959
843 961
844 125
844 181
844 249
844 363
844 414
844 635
844 649
844 817
844 854
559 181
559 209
559 214
559 545
559 557
559 562
559 585
559 596
559 607
559 747
559 628
559 935
559 977
559 629
559 686
559 636
559 967
559 971
377 201
377 369
946 534
946 701
946 737
946 831
946 897
946 904
946 905
946 912
946 917
946 921
946 929
946 932
946 957
946 967
946 969
946 976
946 978
946 980
946 984
946 987
946 991
946 994
271 984
271 360
271 706
271 775
271 661
919 644
919 652
919 720
919 805
919 875
919 882
919 883
919 891
919 902
919 925
487 516
487 648
306 443
306 482
306 967
306 909
306 818
306 810
306 402
306 559
479 437
479 448
763 720
763 728
763 733
763 744
763 795
763 797
763 801
763 805
763 851
763 819
763 831
763 919
763 845
786 567
786 670
339 235
293 142
293 879
293 819
293 496
293 417
293 588
293 660
293 949
293 849
293 630
293 626
293 653
747 148
747 294
747 361
747 509
747 514
747 698
747 726
747 755
747 782
747 795
747 829
747 752
747 905
474 50
474 164
474 342
474 427
474 428
474 435
474 451
474 509
474 514
474 516
474 519
474 711
474 865
474 550
474 614
474 989
474 769
474 541
474 724
474 814
474 763
703 498
703 675
703 686
272 942
272 367
272 518
272 752
272 905
272 273
561 81
561 597
561 599
561 883
561 832
561 694
561 816
561 579
902 29
902 40
902 52
902 67
902 107
902 159
902 566
902 580
92 346
92 807
92 373
92 379
92 819
92 208
92 979
176 185
176 197
176 201
176 203
176 205
176 208
176 211
176 215
176 217
176 219
176 221
176 223
176 225
176 671
176 791
176 470
176 285
176 370
176 363
176 891
176 348
176 341
176 583
176 917
176 368
176 518
176 233
569 266
569 478
480 126
480 154
480 641
480 903
480 761
480 779
212 803
212 335
212 453
212 533
212 316
212 660
212 560
212 363
448 36
448 72
448 206
608 205
608 593
915 31
915 365
915 861
915 919
915 923
915 945
915 950
915 952
915 955
915 959
915 963
915 965
915 980
865 67
865 167
865 307
865 366
865 441
865 864
865 897
865 902
865 905
865 909
865 912
865 970
865 982
305 531
305 420
305 648
305 613
450 599
238 684
238 359
238 733
238 628
238 817
714 154
714 155
714 342
714 374
714 489
714 794
408 144
850 58
850 206
850 412
850 825
850 902
640 616
640 675
640 679
640 642
640 963
640 910
560 173
219 201
719 173
719 308
719 325
719 456
719 593
719 649
126 223
604 99
604 307
604 308
604 632
604 634
604 639
604 642
604 647
604 650
604 652
604 905
604 948
604 776
604 714
604 874
604 992
604 764
604 901
604 938
215 678
215 561
215 812
215 903
215 281
381 36
381 577
381 870
381 745
905 205
905 249
905 270
556 205
556 232
556 369
556 372
556 409
556 825
258 101
258 235
258 279
258 290
258 302
258 305
258 802
258 416
258 581
258 707
258 897
258 546
258 627
258 688
258 693
258 320
258 758
389 342
389 349
389 365
389 523
389 608
449 99
449 114
449 124
659 112
659 230
659 408
659 755
659 834
659 743
659 756
145 186
145 390
145 284
145 294
145 220
145 235
794 205
794 279
794 316
794 346
794 557
794 755
943 39
943 448
943 632
943 708
943 737
943 913
943 922
943 923
943 925
943 927
943 932
943 945
943 949
943 954
943 960
943 963
943 967
943 969
943 972
943 976
943 978
943 981
943 983
943 985
943 988
943 993
536 505
626 296
626 649
626 655
626 665
626 667
626 670
626 672
626 693
626 849
626 945
626 792
626 745
626 715
493 58
493 115
493 140
493 448
493 464
493 531
493 541
493 630
493 697
493 762
493 743
493 670
904 131
904 205
904 295
904 359
904 385
904 416
904 417
904 431
904 522
904 574
904 605
904 882
581 35
581 142
581 179
581 263
581 290
581 412
644 159
644 219
644 621
644 642
912 325
912 902
912 917
796 435
796 805
796 811
796 815
796 818
796 822
796 824
796 826
796 830
796 833
796 838
796 841
796 843
796 798
796 915
796 930
733 40
733 711
883 35
883 363
883 667
883 767
247 119
911 206
911 703
911 777
583 36
583 179
583 223
583 560
583 574
583 593
583 597
583 610
583 616
583 620
583 666
583 733
583 722
583 701
589 36
589 50
589 448
589 616
589 755
589 753
589 870
589 790
589 983
589 766
751 40
751 241
751 296
751 363
751 572
751 632
751 648
751 703
751 706
751 707
751 713
751 720
751 728
751 733
751 775
751 777
751 793
751 797
751 858
751 893
751 944
751 860
210 64
210 171
210 201
210 223
210 335
210 604
210 459
210 822
394 36
394 88
394 148
394 409
394 412
394 420
394 427
394 443
394 477
394 987
394 818
394 541
394 550
394 912
394 634
394 483
394 488
394 522
394 560
546 314
546 478
546 497
546 498
546 560
546 562
546 574
546 581
546 559
546 966
546 650
546 895
546 934
546 699
546 573
445 131
445 304
445 408
445 456
445 489
445 898
445 547
445 567
445 771
445 800
445 786
445 728
445 524
445 610
445 900
445 929
445 591
445 506
445 808
445 976
445 943
834 179
834 464
303 36
303 493
303 454
303 921
303 619
303 961
303 528
303 370
303 750
338 266
338 290
338 325
338 365
338 369
338 382
338 745
338 782
338 920
338 873
338 573
338 593
338 398
338 393
338 429
338 424
338 488
338 869
338 853
280 581
280 410
280 369
280 688
280 549
280 823
280 870
280 563
421 144
421 265
421 273
421 289
421 420
421 437
421 451
421 456
421 468
421 471
421 560
619 185
619 254
619 408
619 593
619 649
678 45
678 112
678 181
678 257
678 294
678 378
678 675
678 882
700 37
700 77
700 244
700 311
700 675
198 201
311 186
528 119
528 161
528 249
528 545
528 551
528 560
528 562
528 576
528 643
528 615
528 673
528 729
528 970
528 549
528 631
528 815
770 439
770 456
770 670
770 749
770 847
658 54
658 279
658 299
658 621
658 690
658 782
658 798
658 791
658 948
658 728
658 981
658 888
658 828
224 223
224 226
224 233
224 242
224 245
224 250
224 252
224 254
224 258
224 260
224 267
224 272
224 346
224 541
224 397
224 471
224 554
224 751
224 420
224 517
224 792
224 528
224 909
224 322
224 922
224 538
224 234
276 148
276 254
276 290
276 299
276 307
276 974
276 624
276 440
276 865
276 725
276 595
276 503
276 539
276 631
276 966
276 934
521 124
521 207
521 418
521 427
521 428
521 505
521 527
521 529
521 533
521 536
521 539
521 542
521 546
521 551
521 553
521 555
521 566
521 568
521 898
521 721
521 773
521 908
521 988
521 689
521 681
521 779
521 931
521 911
521 954
521 723
831 99
831 101
831 308
590 616
590 621
590 632
590 673
789 825
789 831
789 921
789 790
789 899
340 159
340 254
340 412
415 86
415 140
415 244
415 408
415 451
415 836
415 972
415 469
415 791
415 977
415 687
415 802
415 695
415 974
415 797
415 611
415 727
415 640
415 804
228 40
228 331
228 299
228 262
374 99
174 219
174 676
174 933
174 557
174 264
174 963
174 641
174 267
174 710
174 782
174 794
95 101
95 144
95 164
95 652
95 895
95 532
95 670
95 845
95 550
95 551
95 934
95 444
95 525
95 974
95 195
95 330
95 453
95 350
895 242
895 369
895 374
895 513
895 665
895 777
895 846
895 847
895 892
895 898
895 902
895 906
895 909
895 913
895 915
895 922
895 926
895 932
895 934
895 938
895 941
895 986
333 150
341 205
341 393
341 357
924 265
924 333
924 469
924 487
924 568
924 875
924 957
924 961
924 964
924 968
924 973
924 940
451 65
451 186
934 275
934 451
934 504
934 513
934 557
934 558
934 670
934 891
934 897
934 904
934 912
934 919
934 923
934 928
934 945
934 957
934 961
934 963
934 980
934 946
756 265
756 325
756 412
756 468
756 602
756 713
780 259
780 270
780 483
780 520
780 534
780 605
780 619
780 649
780 670
780 733
780 738
780 744
780 782
780 800
780 803
780 805
780 814
780 819
780 826
780 882
91 249
91 714
91 237
91 591
91 632
91 157
91 376
91 763
907 66
907 989
467 70
467 154
467 206
467 279
467 304
467 505
467 588
467 564
467 901
467 609
467 948
467 887
467 752
467 900
467 684
467 747
467 669
684 81
684 262
684 451
684 673
684 736
684 710
684 867
684 890
684 831
727 270
727 690
727 711
727 720
727 738
654 632
654 655
654 673
654 675
654 688
654 697
654 703
654 746
654 892
406 171
406 186
406 374
406 408
406 448
406 451
406 525
166 483
166 928
166 754
166 367
166 854
166 365
166 396
166 255
166 844
166 610
525 101
525 265
525 290
525 333
525 516
864 443
864 825
864 831
864 841
401 161
401 247
401 409
401 418
401 427
401 432
401 448
401 450
401 456
401 818
401 508
401 942
401 822
401 585
401 709
401 876
549 179
549 185
549 516
662 361
662 429
662 642
662 673
662 709
662 756
662 796
662 747
662 775
662 871
662 770
857 135
857 142
857 189
857 349
857 443
857 634
857 673
857 677
857 809
857 814
857 816
857 825
857 834
857 844
857 853
857 854
857 864
857 902
857 905
857 985
571 81
571 775
571 639
571 753
518 456
518 478
518 484
518 489
518 562
518 566
518 905
518 581
518 522
518 777
518 599
518 543
424 365
424 479
424 584
424 534
424 888
424 989
577 307
577 670
534 266
534 489
534 516
208 255
208 379
208 278
208 402
208 941
208 288
208 521
208 595
208 497
208 522
208 845
208 734
208 641
412 45
412 101
412 365
903 349
903 886
903 897
903 905
903 913
903 917
903 928
903 936
903 944
903 946
903 950
903 974
903 963
669 207
669 420
669 632
669 673
395 54
395 365
395 710
395 948
395 471
395 460
730 46
730 64
730 72
730 157
730 213
730 221
730 237
730 247
730 284
730 336
730 363
730 436
730 451
730 686
730 695
730 703
730 707
730 753
730 755
730 774
730 779
730 821
730 951
925 46
925 186
925 197
925 449
925 615
925 767
925 882
320 164
320 369
320 786
320 902
320 893
320 633
320 503
320 836
567 186
567 223
567 435
769 75
769 225
769 265
769 299
769 337
769 357
769 374
769 614
769 679
769 726
769 733
769 748
769 794
769 798
769 800
769 804
769 807
769 814
769 959
769 938
769 943
149 173
637 142
637 213
637 249
637 464
637 616
637 621
637 643
637 655
637 658
637 661
637 664
637 667
637 669
637 673
637 676
637 679
637 681
637 683
637 958
637 724
637 649
637 912
637 974
937 727
937 794
937 839
937 897
937 923
937 969
937 971
937 976
937 979
937 981
937 986
937 999
351 365
351 369
351 391
351 393
351 395
351 400
351 521
351 462
351 790
351 511
351 852
351 643
351 917
351 421
351 667
351 530
656 686
656 688
656 695
656 701
656 703
656 813
656 797
656 780
656 947
656 793
594 110
594 560
594 593
594 596
594 685
750 102
750 246
750 295
750 527
750 679
750 695
750 711
750 744
750 748
750 756
750 764
750 766
750 771
750 776
750 779
750 782
750 784
750 788
750 790
750 793
750 797
750 799
750 905
750 985
645 99
645 420
645 616
645 688
645 694
645 772
645 963
645 864
645 870
645 743
645 707
550 214
509 58
509 161
509 198
509 281
509 516
509 585
680 167
680 469
680 479
680 560
680 675
680 968
680 803
680 790
680 826
680 909
623 374
623 621
623 693
623 775
623 971
767 382
767 585
767 744
436 289
396 408
396 437
396 443
396 448
396 980
396 505
396 804
606 161
606 197
606 435
606 616
606 632
606 643
606 648
606 653
606 655
606 853
606 810
606 956
606 729
606 658
606 945
606 822
606 979
606 919
537 50
537 185
537 676
537 827
537 749
443 179
600 110
600 171
600 593
600 711
837 495
837 531
837 693
837 728
837 809
837 814
837 856
837 859
837 864
837 868
837 871
837 874
837 876
837 879
837 881
837 883
837 885
837 891
325 142
460 119
460 127
460 143
460 418
460 488
460 492
460 497
460 505
460 710
460 650
460 958
460 608
460 769
460 591
460 727
236 201
236 279
236 427
236 429
236 500
236 673
236 340
236 298
953 148
953 181
953 198
953 207
953 253
953 366
953 418
953 483
953 634
953 675
953 698
953 722
953 911
953 917
953 919
953 928
953 961
953 992
523 516
523 562
523 572
523 608
523 593
523 767
523 635
523 601
523 697
385 54
385 448
388 150
388 345
388 418
388 427
388 435
388 820
388 529
388 998
388 631
388 746
388 837
388 691
388 841
793 597
793 613
793 782
194 553
194 568
194 672
194 656
194 737
568 307
568 536
568 560
568 579
568 581
568 596
568 613
568 655
568 673
568 706
206 171
923 61
923 77
923 150
923 154
923 270
923 432
592 124
592 164
592 266
592 471
887 58
887 228
887 273
887 336
887 410
887 631
887 642
887 671
887 793
887 839
887 853
887 856
887 859
887 882
887 891
887 893
887 902
887 913
887 923
887 925
887 928
887 953
887 995
887 948
291 244
291 325
527 124
527 489
527 516
223 201
679 110
679 186
679 299
679 325
457 270
457 412
457 443
457 451
457 464
457 468
457 483
457 488
457 490
457 495
457 498
457 504
457 662
457 877
457 778
457 637
457 790
457 884
457 939
457 774
457 900
457 708
457 849
457 573
416 372
691 746
691 768
691 840
691 926
691 917
691 990
691 756
622 167
622 945
622 870
622 902
622 982
622 815
622 824
508 112
508 206
508 333
508 390
508 464
508 516
508 614
508 594
508 804
508 642
139 164
139 171
139 186
139 279
139 321
139 826
139 216
139 341
139 570
139 357
139 762
139 380
139 824
139 705
139 325
139 996
139 947
709 574
709 584
709 613
709 686
454 498
454 615
454 506
454 994
454 849
454 545
454 962
454 605
454 542
454 710
454 748
517 550
329 331
329 407
329 501
329 819
364 333
364 342
364 346
364 349
364 390
364 394
364 396
364 398
364 401
364 404
364 406
364 410
364 412
364 768
364 972
364 569
364 800
364 706
364 990
364 685
364 639
364 702
364 847
211 408
942 191
942 198
942 237
942 309
942 339
942 342
942 376
942 416
942 448
942 468
942 683
942 858
942 902
942 919
942 961
942 972
942 975
942 977
942 980
942 982
942 986
942 988
942 991
846 61
846 498
846 545
846 841
740 135
740 169
740 325
465 61
465 304
465 420
465 484
465 489
465 497
465 509
465 755
465 846
465 693
465 893
465 536
465 701
465 823
465 799
465 655
465 947
465 672
706 133
706 230
706 466
706 505
706 562
706 621
706 698
261 295
261 307
261 387
261 456
261 548
261 383
261 451
261 450
261 876
261 476
261 670
261 378
261 885
261 612
397 64
397 101
397 273
397 365
397 408
397 443
397 703
397 688
397 706
397 955
397 650
397 593
397 857
613 131
613 233
613 270
613 409
613 516
613 616
183 223
183 809
183 810
183 705
183 875
183 426
183 691
183 962
183 372
183 639
183 721
482 93
482 161
482 255
482 299
482 437
482 456
482 478
482 505
482 531
482 560
482 534
482 757
117 171
117 232
117 560
117 708
117 762
117 375
117 826
117 925
755 66
755 159
755 317
755 567
297 325
297 333
297 343
297 437
297 632
297 637
297 839
297 533
297 897
297 405
297 781
297 476
297 428
362 171
362 342
362 365
362 390
362 408
362 471
362 697
362 655
362 501
362 639
362 909
362 899
362 976
352 70
352 345
352 372
352 377
352 387
352 391
352 393
352 399
352 401
352 596
352 736
352 747
352 713
352 589
352 676
352 751
352 955
352 620
352 723
352 547
352 720
687 70
687 209
687 703
687 733
687 827
687 743
768 70
768 189
768 464
768 566
768 596
768 701
768 709
768 749
768 755
768 756
768 767
768 777
768 782
768 798
768 803
768 806
768 809
768 813
768 816
768 893
768 829
768 839
768 795
768 881
939 462
939 505
939 524
939 531
939 923
939 928
939 961
939 980
939 985
939 987
344 307
344 325
344 331
344 336
344 340
344 345
344 360
344 362
344 364
344 367
344 369
344 371
344 375
344 378
344 384
344 386
344 388
344 391
344 466
344 617
344 660
344 859
344 549
344 777
344 902
344 436
344 693
122 842
122 338
574 142
574 205
574 346
574 448
894 115
894 181
894 189
894 206
894 255
894 453
894 538
894 610
894 649
894 706
894 728
894 882
894 940
407 75
407 624
407 509
407 627
620 185
620 195
620 262
620 275
620 443
620 513
906 134
906 150
906 163
906 317
906 443
906 534
906 566
906 597
906 744
906 797
906 816
906 859
906 864
906 866
906 875
906 893
906 910
906 914
906 917
906 920
906 923
906 928
906 930
906 933
906 935
906 937
906 940
906 946
906 948
906 951
906 973
906 998
772 80
772 703
772 711
772 728
772 749
772 794
772 797
772 800
772 804
772 818
772 887
772 896
772 948
772 844
772 975
239 333
239 289
435 81
435 144
847 127
847 200
847 316
847 334
847 384
847 498
847 531
847 651
847 800
847 805
847 814
847 816
847 817
510 213
510 516
268 365
268 611
268 848
268 788
268 894
268 701
268 826
218 870
218 778
785 88
785 221
785 254
785 516
785 916
785 871
785 948
785 853
472 428
472 443
472 451
472 497
472 501
472 506
472 508
472 512
472 515
472 517
472 519
472 753
472 673
472 906
472 587
472 545
472 937
472 707
472 599
833 574
833 631
833 805
833 809
833 854
833 866
833 869
833 871
833 873
833 875
833 878
833 923
833 979
744 110
859 169
859 319
859 328
859 488
859 509
859 816
787 143
787 200
787 241
787 408
787 581
787 753
787 782
787 805
787 814
787 816
787 834
787 952
787 968
787 890
787 901
578 302
578 427
578 471
578 557
578 562
578 585
578 597
578 599
578 611
578 613
578 622
578 780
578 809
578 813
578 632
578 741
578 766
578 810
578 806
578 675
499 548
499 612
499 888
499 621
499 645
499 568
499 717
499 873
499 803
499 899
499 969
499 783
499 760
630 150
630 387
630 479
630 560
630 593
630 596
630 597
630 632
630 634
630 637
630 642
630 648
630 650
630 654
630 659
630 665
630 667
630 669
630 672
630 674
630 678
630 786
630 878
630 840
630 935
630 990
630 778
630 972
605 148
605 259
728 209
728 246
728 289
728 316
728 333
728 695
728 703
