1 387
998 980
998 985
998 986
998 987
998 993
3 20
3 22
3 27
3 28
3 705
3 339
3 179
4 979
4 786
4 960
4 768
996 569
996 985
5 29
5 291
5 108
5 786
995 990
995 994
995 996
6 27
6 29
7 13
7 15
7 20
7 22
7 991
7 25
7 988
7 987
7 986
7 985
7 469
7 616
7 328
7 576
7 610
7 837
993 16
993 78
993 315
993 406
993 736
993 763
993 766
993 972
993 973
993 974
993 975
993 977
993 978
993 985
993 986
993 988
993 990
993 995
993 999
8 181
992 15
992 982
992 994
990 8
990 10
990 994
11 190
988 982
988 985
988 987
988 992
988 994
988 996
15 37
15 91
985 2
985 6
985 8
985 990
985 999
16 117
16 148
984 511
984 728
984 967
984 970
984 972
984 973
984 975
984 978
984 980
984 985
984 987
984 989
984 998
17 27
17 37
17 148
17 749
17 268
17 604
17 756
983 580
983 674
983 960
983 982
983 988
983 996
19 37
981 6
981 41
981 604
981 833
981 865
981 956
981 960
981 971
981 972
981 974
981 978
981 985
981 987
981 989
981 992
981 994
981 996
981 998
21 34
21 41
21 999
21 997
21 996
21 485
21 417
21 345
21 962
21 523
979 0
979 521
979 570
979 802
979 956
979 970
979 973
979 975
979 981
979 983
979 986
979 990
979 993
979 996
979 998
978 0
978 111
978 985
978 992
978 994
978 999
23 45
23 117
23 432
977 0
977 9
977 134
977 179
977 251
977 539
977 579
977 728
977 852
977 954
977 960
977 962
977 965
977 970
977 972
977 980
977 983
977 986
977 988
977 990
977 992
977 994
977 999
24 816
24 671
24 927
24 561
976 597
976 772
976 952
976 956
976 967
976 975
976 977
976 980
976 985
976 987
976 990
976 995
976 999
25 27
25 557
25 473
25 298
25 432
25 267
975 748
975 986
975 990
975 992
975 994
975 996
613 990
522 0
522 500
522 503
522 539
890 68
890 899
224 239
224 965
289 283
289 288
289 291
289 293
289 304
289 379
289 317
553 560
553 565
553 570
553 577
553 776
553 693
553 676
151 132
333 329
333 343
333 346
333 353
333 357
333 579
333 548
333 587
333 942
333 453
333 759
971 0
971 329
971 950
971 956
971 960
971 962
971 967
971 973
971 975
971 980
971 982
971 987
971 989
971 991
971 995
997 613
997 862
997 981
997 983
997 988
997 994
997 995
997 996
997 998
991 15
991 235
991 972
991 973
991 974
991 975
991 976
991 977
991 978
991 986
991 987
991 990
991 992
991 994
991 998
14 22
14 31
14 33
14 35
14 111
14 717
14 827
14 769
14 124
986 2
986 8
986 107
986 456
986 973
986 980
986 990
986 992
986 994
986 996
986 999
18 325
18 394
18 758
959 1
959 74
959 379
959 401
959 940
959 978
959 981
959 983
607 600
93 99
93 103
93 110
93 117
93 220
93 493
93 738
390 387
390 406
390 409
390 812
390 923
390 453
779 486
779 506
779 759
779 771
779 783
779 788
779 790
779 796
779 799
779 802
31 20
698 152
698 366
698 397
698 678
698 684
698 685
698 687
698 690
698 691
698 692
698 694
698 697
698 701
698 703
698 707
698 710
698 713
698 717
698 719
698 721
698 838
698 797
698 928
536 556
536 561
536 607
536 852
536 941
536 976
352 353
352 372
352 908
458 103
458 469
458 471
458 476
458 479
458 481
458 745
458 669
458 982
458 723
655 85
655 162
655 680
840 855
840 857
840 859
840 937
670 653
670 655
670 657
670 660
670 668
670 669
670 672
670 674
670 676
670 678
670 682
670 684
670 689
670 692
670 958
670 697
670 868
670 732
246 221
246 235
246 245
246 249
246 251
246 253
246 255
246 257
246 260
246 262
246 266
246 270
246 432
246 383
12 29
12 990
12 989
12 37
12 836
12 719
12 599
12 44
12 326
989 8
989 135
989 148
989 197
989 251
989 270
989 467
989 525
989 539
989 564
989 697
989 780
989 973
989 975
989 980
989 988
989 995
989 999
987 11
987 91
987 111
987 404
987 651
987 730
987 967
987 972
987 975
987 986
987 992
987 999
982 2
982 6
982 78
982 189
982 208
982 274
982 372
980 967
980 985
980 990
980 996
980 999
26 20
26 22
26 37
26 111
26 84
26 857
26 155
786 776
565 173
706 217
706 233
706 627
706 730
706 817
523 2
523 529
523 543
523 545
523 548
523 742
846 608
846 838
846 858
846 975
671 251
671 649
576 594
755 2
755 25
755 148
755 770
755 772
755 777
755 780
755 876
755 815
953 858
953 892
953 930
953 934
953 947
953 948
953 949
953 950
953 955
953 957
953 960
953 962
953 964
953 967
953 970
953 974
953 976
953 990
632 2
632 22
632 366
632 376
295 304
48 35
48 71
48 73
48 139
48 613
48 317
48 254
791 2
791 792
791 795
791 798
791 802
791 805
791 807
791 809
791 811
791 813
791 815
146 68
146 382
146 489
146 590
146 983
146 352
146 272
307 292
307 304
307 308
307 318
307 323
307 326
307 329
307 331
28 29
28 31
28 34
28 37
28 40
28 46
28 50
28 52
28 946
28 857
28 217
28 926
705 103
705 268
705 714
705 721
705 726
705 966
705 824
705 855
705 804
34 22
34 35
34 54
34 56
339 317
339 323
339 325
339 327
339 329
339 330
339 332
339 338
339 342
339 344
339 346
339 349
339 355
339 359
339 362
339 364
339 885
339 438
500 215
179 195
179 185
179 237
337 317
337 323
337 340
386 364
386 370
386 374
386 378
386 379
386 382
386 387
386 389
386 400
386 403
386 405
386 408
386 410
386 917
386 752
386 665
386 656
386 613
386 508
610 615
610 635
610 703
768 783
768 793
112 120
112 123
112 357
112 168
112 743
112 509
112 462
112 140
944 5
944 58
944 88
944 177
944 362
944 628
944 786
944 879
944 940
944 950
944 954
944 956
944 958
944 962
944 966
145 29
145 121
145 132
145 499
145 937
145 855
965 985
965 988
965 990
928 60
928 808
544 151
544 560
544 566
544 568
544 707
544 980
831 31
831 838
831 845
831 848
831 850
831 853
831 856
831 866
831 927
949 38
949 475
949 960
949 969
949 973
678 260
678 591
678 659
678 680
678 700
678 890
678 936
678 918
718 140
718 710
718 725
718 727
718 729
718 732
718 734
718 736
718 739
718 742
718 829
718 810
718 966
108 123
590 30
590 197
590 594
590 598
590 600
590 603
590 811
590 639
590 941
590 860
30 22
30 29
30 35
30 45
30 54
30 503
133 120
133 132
133 135
133 143
133 145
133 149
133 151
133 154
133 158
133 653
133 289
133 440
133 327
133 422
257 266
257 268
257 271
257 273
257 275
257 278
257 281
257 550
257 901
257 809
664 319
664 643
664 649
664 674
457 469
721 6
721 449
721 737
721 740
721 742
721 744
721 946
721 798
465 395
465 452
465 464
465 472
465 475
465 477
465 479
465 481
465 483
465 485
465 487
465 489
465 697
465 651
465 823
465 716
616 263
616 621
616 632
616 637
208 217
208 233
837 121
837 207
837 825
837 846
837 849
837 851
837 853
837 855
837 858
837 861
837 974
877 41
33 27
614 557
614 597
614 598
614 601
614 602
614 603
614 604
614 606
614 609
614 612
614 617
614 621
614 623
614 625
614 629
614 631
614 635
614 638
614 773
614 785
614 685
614 753
79 68
79 85
79 909
79 961
79 225
79 855
79 443
486 8
486 233
486 296
486 471
486 489
486 493
495 8
495 475
495 480
495 487
495 489
495 498
495 500
495 502
495 505
495 508
495 510
495 513
495 517
495 520
495 977
495 913
495 607
661 342
82 96
82 98
82 101
82 103
82 105
82 107
82 592
82 567
82 533
82 831
82 692
82 519
538 432
538 525
538 543
538 553
538 561
538 911
538 906
538 961
538 770
331 8
331 77
331 347
32 22
32 35
32 52
32 54
32 56
32 197
32 691
32 188
32 933
166 190
166 452
166 631
782 807
714 9
919 920
919 925
919 929
919 931
919 934
919 937
919 940
919 942
919 944
327 9
327 99
327 345
327 347
327 668
327 652
327 529
962 308
962 372
701 680
701 697
701 709
701 712
701 714
701 717
701 720
701 722
701 725
701 819
701 998
701 746
862 839
507 10
507 54
507 103
507 483
507 525
507 957
507 632
507 539
841 255
841 825
841 838
841 839
841 862
636 10
636 132
636 615
636 632
636 656
636 658
702 10
702 98
702 708
702 710
702 719
702 724
702 726
702 960
702 878
945 168
945 248
945 353
945 651
945 928
945 940
945 950
945 954
945 958
945 960
945 964
945 966
945 969
795 10
795 183
795 217
795 292
795 802
826 811
826 814
826 838
392 10
392 20
392 410
593 615
593 617
593 940
593 916
199 215
199 219
199 222
501 10
36 22
36 31
36 34
36 37
36 45
36 52
36 56
36 601
36 357
36 130
36 418
36 521
36 502
480 308
480 469
480 476
480 489
480 493
480 500
804 370
804 500
804 851
528 190
491 11
491 270
491 430
491 469
491 470
491 476
491 489
491 511
491 513
491 516
491 681
752 191
256 255
256 262
256 281
550 83
550 138
550 566
550 574
550 824
550 585
638 84
638 222
638 260
638 271
638 663
638 785
724 11
643 175
205 400
136 153
136 159
136 940
136 242
136 241
136 894
136 229
463 111
463 308
463 376
463 440
463 452
463 464
463 467
463 470
463 475
463 477
463 479
463 484
463 488
463 675
463 887
463 683
463 874
836 854
836 856
242 231
242 233
242 248
242 256
242 258
242 260
242 263
242 265
242 267
242 669
242 889
242 876
719 260
719 748
602 83
602 126
602 622
602 999
599 600
599 617
599 621
424 425
424 436
424 447
424 587
424 591
44 68
44 500
44 340
44 363
44 748
608 91
608 387
38 22
824 13
824 83
824 217
824 364
824 708
824 838
541 13
541 291
541 561
541 565
541 896
70 95
70 114
72 68
450 440
450 467
450 470
450 473
450 475
450 654
450 658
551 600
516 13
516 505
516 508
516 509
516 511
516 512
516 518
516 520
516 523
516 525
516 527
516 529
516 532
516 534
516 537
516 540
516 811
516 632
783 764
783 767
783 771
783 802
482 15
482 410
482 476
482 489
482 493
482 497
482 500
482 503
482 506
482 639
226 217
226 233
226 245
226 711
226 496
226 919
226 305
414 35
414 317
414 395
414 413
414 425
414 427
414 430
414 432
414 436
717 697
717 708
717 742
261 60
261 233
261 243
261 256
261 258
261 259
261 262
261 267
261 271
261 274
261 279
261 281
261 283
261 286
261 656
261 724
261 898
261 686
261 464
261 897
827 430
827 850
827 943
827 930
802 233
802 326
769 364
769 664
769 767
769 776
769 782
769 785
769 789
769 791
769 793
769 818
124 132
39 396
39 768
39 757
81 59
81 91
81 93
81 95
81 99
81 103
81 163
81 729
81 806
81 363
196 175
196 190
196 212
196 215
196 217
196 220
196 802
196 475
707 15
707 143
707 183
707 195
707 201
707 326
707 685
707 687
707 697
707 714
707 728
707 732
707 921
45 20
45 27
911 890
265 15
265 153
265 268
265 270
265 285
265 288
265 290
265 997
265 956
265 752
265 598
496 15
496 897
496 607
311 15
230 15
230 239
230 244
230 395
830 15
830 908
40 60
696 16
696 77
696 263
696 713
696 715
696 717
696 720
696 788
696 925
527 545
527 552
527 748
527 559
47 357
765 583
765 759
765 773
765 775
765 782
765 785
765 787
765 789
765 837
765 997
757 16
757 151
757 283
757 447
757 744
757 780
757 782
757 977
272 109
272 255
272 262
272 263
272 281
272 287
272 290
272 294
272 296
272 986
272 838
801 16
801 85
801 122
801 615
801 795
801 799
801 800
801 807
801 811
801 815
801 818
801 821
801 825
801 977
42 29
42 252
42 276
42 118
715 20
715 560
373 364
373 370
373 372
373 378
373 395
373 939
373 520
373 500
373 525
373 494
927 932
927 934
927 936
927 938
927 941
927 943
927 945
927 947
927 949
927 951
667 691
667 811
554 561
554 564
554 568
554 570
554 573
554 576
554 578
554 816
554 917
554 752
494 355
494 500
494 887
494 952
494 628
170 54
170 189
170 191
170 242
170 551
170 493
170 432
170 469
749 127
749 594
428 138
428 410
428 430
428 452
268 255
268 288
268 291
569 267
569 559
569 561
569 565
569 566
569 568
569 577
569 579
569 582
569 586
569 589
569 591
569 856
569 750
429 237
429 405
429 413
429 425
429 436
429 447
429 449
429 453
429 765
429 579
429 615
756 103
756 372
756 737
756 746
756 752
756 754
756 759
756 764
756 771
756 773
756 776
756 778
756 836
709 693
709 697
709 708
709 710
43 27
43 37
43 50
43 52
43 54
43 60
43 62
43 64
43 66
43 68
43 695
43 726
43 277
464 471
464 487
567 108
567 168
567 175
567 559
567 560
567 561
567 566
567 576
567 587
567 985
776 181
776 347
776 471
325 347
325 714
325 452
460 190
460 474
460 476
460 480
460 482
460 485
460 928
460 918
394 415
394 418
394 943
394 507
394 632
90 68
90 99
90 107
90 109
90 736
90 771
90 710
758 748
758 749
758 764
758 769
758 773
758 775
758 778
758 781
758 888
758 862
433 52
433 291
433 425
433 435
433 438
433 440
433 443
433 445
433 447
433 450
433 454
433 456
433 880
433 851
433 502
433 834
666 649
666 672
666 674
666 680
666 686
666 688
666 690
666 743
666 861
860 19
860 158
860 179
860 201
860 273
860 583
860 838
642 318
642 632
642 634
642 637
642 639
642 643
642 645
642 650
642 653
642 655
642 658
642 660
642 663
642 666
642 732
642 724
365 357
365 364
365 379
365 383
365 385
365 387
365 930
365 373
365 896
365 944
623 84
623 139
623 615
623 622
623 635
623 637
623 639
623 642
623 644
623 647
623 881
563 20
563 559
563 570
563 572
563 574
563 576
563 578
563 580
563 582
563 584
563 586
563 971
563 846
874 20
874 29
874 59
874 468
874 858
874 860
874 870
874 877
874 886
874 893
874 895
874 897
466 476
466 487
466 691
466 645
466 728
466 545
657 20
657 632
657 680
871 493
871 886
379 20
379 85
597 600
597 608
177 29
177 192
106 117
106 120
106 124
106 126
106 616
106 691
485 192
485 469
485 489
485 510
485 557
417 109
417 410
417 426
417 430
417 433
417 436
417 438
417 442
417 770
417 608
417 969
548 80
548 539
345 323
345 340
345 486
343 89
343 323
169 22
169 150
169 191
169 821
169 412
169 263
169 588
206 22
206 394
206 381
206 337
759 22
759 35
759 311
759 413
759 651
122 22
122 132
122 135
122 138
122 409
476 471
888 22
888 602
437 22
437 420
437 424
437 428
437 429
437 433
437 434
437 439
437 444
437 446
437 449
437 451
437 453
437 456
437 459
437 461
437 580
437 540
437 686
437 692
437 793
462 451
462 475
462 482
462 487
462 464
462 798
462 560
472 294
472 488
472 997
472 751
472 853
923 23
923 596
923 748
923 858
635 23
635 220
635 411
635 490
635 621
635 630
635 637
635 639
635 651
635 656
635 659
573 296
573 757
250 41
250 239
250 244
250 253
250 255
250 257
250 259
250 261
250 263
250 265
250 268
250 271
250 273
250 888
250 482
250 604
432 72
432 263
432 410
646 659
704 842
105 85
105 116
105 837
105 273
105 230
105 732
851 313
851 874
851 876
969 85
969 159
969 478
969 751
969 958
969 960
969 967
969 973
969 978
969 980
969 982
969 986
969 988
969 993
692 685
692 697
867 860
867 870
867 872
867 875
867 879
867 883
867 886
867 928
929 128
929 222
929 569
929 589
929 657
929 729
929 904
929 909
929 914
929 915
929 920
929 923
929 934
929 940
929 943
929 946
929 948
929 950
929 953
773 368
773 759
773 772
773 783
773 787
773 790
773 792
773 796
773 842
816 299
816 832
816 834
816 837
816 840
816 961
248 255
950 608
561 577
530 552
530 554
530 744
50 68
50 85
50 91
925 244
925 346
925 947
925 949
925 995
71 83
71 85
71 89
71 91
71 95
71 317
71 212
71 474
71 470
240 549
240 972
240 486
520 117
520 542
520 581
493 293
493 503
535 68
535 288
535 615
535 797
535 812
557 47
557 132
473 117
473 274
473 469
473 493
298 308
298 317
298 321
298 323
298 473
249 260
249 262
249 266
249 268
249 270
249 274
249 752
249 491
249 495
249 964
53 37
53 72
53 77
53 478
53 572
53 686
53 508
401 470
942 628
942 934
942 998
972 363
972 422
972 653
972 774
972 954
972 985
972 992
972 994
972 996
49 70
49 72
49 74
49 497
49 417
49 779
49 435
49 124
51 75
51 256
51 916
171 150
171 181
171 195
171 882
171 928
924 903
924 992
924 952
558 551
558 557
558 559
558 565
558 570
558 582
558 818
558 684
558 693
431 239
431 430
431 452
431 632
160 174
160 184
160 981
160 318
160 189
857 85
155 132
155 168
155 176
155 179
155 189
155 877
155 902
155 542
487 27
560 231
560 239
560 539
899 27
899 34
922 27
922 71
922 168
922 555
922 577
922 845
922 877
922 899
922 906
922 917
922 921
922 923
922 925
922 927
922 933
922 935
922 939
922 943
922 945
796 821
262 27
588 595
588 598
588 602
588 607
588 609
588 611
588 613
588 832
882 27
882 385
882 895
882 897
882 900
882 903
882 906
882 984
176 27
176 174
176 175
176 177
176 185
176 190
176 192
176 197
176 199
176 201
176 549
176 219
176 337
176 668
656 80
656 221
656 649
946 286
946 532
946 836
946 934
946 952
946 954
946 957
946 959
946 961
946 964
946 968
946 970
772 40
772 406
772 470
772 475
772 764
772 771
926 103
926 307
926 478
926 783
926 903
926 906
926 909
926 910
926 911
926 915
926 919
926 921
926 922
926 928
926 930
926 932
926 937
926 939
926 942
926 947
926 949
54 29
92 68
92 85
92 107
92 109
92 476
92 340
207 29
669 29
234 29
234 217
234 220
234 239
234 884
234 786
234 690
234 522
234 385
55 37
55 78
55 704
55 818
55 598
55 555
55 401
592 598
592 600
592 608
592 615
592 860
955 95
955 834
955 839
955 930
955 934
955 950
955 952
955 956
955 958
955 964
955 967
955 969
955 971
955 973
955 975
955 978
879 63
879 124
503 153
920 572
920 833
920 899
920 990
279 288
279 293
958 31
958 956
864 389
864 450
864 483
864 583
864 616
864 699
864 862
864 865
864 868
864 870
864 877
864 883
864 886
864 889
864 953
271 293
271 295
271 343
57 68
57 78
57 80
57 127
57 754
57 476
57 959
57 699
57 160
57 962
264 281
264 288
264 343
264 478
188 570
188 447
815 802
815 812
815 828
815 833
815 838
815 840
815 821
933 525
933 723
933 941
933 944
933 946
933 949
933 951
933 956
58 299
218 292
218 424
259 262
259 276
259 278
259 283
259 363
259 506
259 688
896 883
896 885
896 888
896 889
896 894
896 899
896 901
896 904
896 908
896 911
896 913
896 915
896 919
896 921
223 237
223 241
223 243
223 245
223 311
223 850
223 745
223 559
391 33
391 74
391 379
391 385
391 406
391 411
391 415
391 533
391 596
391 491
391 684
391 567
898 383
898 911
898 914
898 917
898 950
237 33
237 299
849 33
849 50
849 94
849 107
849 158
849 184
849 833
849 838
849 848
849 852
849 854
849 858
849 860
849 868
849 872
229 245
229 247
229 251
229 477
229 983
229 979
229 363
229 871
229 999
865 33
865 122
865 183
865 645
865 857
865 858
865 860
865 870
59 35
59 37
631 632
631 655
631 961
631 705
797 34
797 263
797 323
799 812
799 814
799 818
799 824
751 34
751 528
751 730
751 744
751 746
803 60
803 212
803 783
803 791
803 792
803 794
803 799
803 800
803 802
803 804
803 808
803 811
803 815
803 817
803 821
803 824
803 827
803 995
803 854
101 85
101 117
101 120
101 122
101 125
101 585
101 605
101 662
101 631
101 301
101 680
101 543
101 785
574 35
574 244
574 646
747 294
747 344
747 372
747 583
747 759
747 764
747 767
747 769
747 772
178 192
178 195
178 197
738 35
738 406
738 445
738 714
738 715
738 754
738 761
738 829
738 812
738 985
834 35
834 151
834 622
834 828
834 832
834 836
834 839
834 841
834 856
834 858
834 928
587 35
587 400
587 600
61 906
790 806
601 577
601 598
601 603
601 605
601 607
601 613
601 615
601 618
601 621
601 625
601 734
601 784
601 907
556 132
556 215
556 557
556 579
556 581
556 600
357 52
357 340
817 131
817 483
817 560
817 714
817 836
817 838
130 132
130 153
130 284
367 346
367 379
367 381
367 384
367 386
367 388
367 390
367 392
367 967
367 575
418 95
418 110
418 413
418 425
418 439
418 441
418 547
418 737
418 769
521 529
521 674
521 587
502 78
502 483
502 493
502 512
502 515
502 518
502 520
502 524
502 527
502 683
502 636
62 83
62 85
62 87
62 465
62 560
62 214
163 150
163 174
163 181
163 183
163 262
163 399
163 774
163 832
245 37
245 268
266 260
266 262
266 270
266 274
266 281
266 287
266 289
266 382
266 565
266 378
266 340
453 37
453 469
453 473
453 475
453 478
453 651
299 37
907 37
907 203
907 883
907 886
907 893
907 917
907 919
907 921
907 923
907 925
720 85
720 442
720 699
720 708
720 709
720 710
720 711
720 713
720 714
720 716
720 717
720 719
720 722
720 726
720 728
720 730
720 733
720 736
720 739
720 741
720 744
319 38
319 340
319 344
278 292
278 299
278 366
278 761
822 38
822 802
822 824
822 826
822 833
822 835
822 838
822 842
822 844
822 937
822 914
405 95
175 150
568 557
568 570
568 577
118 135
118 698
118 957
64 85
64 88
64 392
186 201
186 204
186 207
186 210
186 991
186 398
186 341
611 600
611 633
611 635
611 957
611 802
287 121
287 292
287 304
287 471
396 283
396 409
396 411
396 906
509 793
509 704
65 72
65 78
65 83
65 85
65 89
65 477
65 621
65 683
807 40
807 262
807 361
807 389
807 806
254 248
254 250
254 256
254 258
254 261
254 266
254 268
254 272
254 275
254 277
254 510
254 611
254 594
254 366
254 823
952 262
952 340
952 347
952 676
952 928
952 967
508 503
508 529
508 552
508 949
508 706
66 88
66 90
66 580
66 200
66 733
66 107
66 667
66 383
562 565
562 571
562 575
562 578
562 580
562 582
562 584
562 965
562 874
562 996
889 843
889 871
889 872
889 883
889 888
889 893
889 897
889 900
889 902
889 904
889 906
889 910
889 913
625 41
625 293
625 607
625 632
625 650
625 921
625 976
216 219
216 228
216 230
216 233
216 235
216 238
216 241
216 746
216 615
216 861
216 515
488 41
488 503
603 288
603 519
603 581
603 587
603 594
603 597
603 598
603 600
603 622
67 85
67 91
67 220
612 162
612 219
612 622
612 630
612 903
612 875
532 173
532 293
532 528
532 529
532 539
532 556
532 774
532 818
532 746
968 90
968 127
968 422
968 594
968 672
968 930
968 952
968 973
968 980
968 985
968 990
968 993
100 111
100 117
100 121
100 123
100 978
100 427
100 434
100 860
100 118
100 916
407 385
407 405
407 410
407 414
407 418
407 420
407 424
407 428
407 432
407 776
407 633
407 439
685 215
685 228
685 268
685 368
252 255
252 260
252 262
252 264
252 268
252 270
252 274
252 276
252 558
252 456
430 83
276 255
276 262
276 279
276 281
276 289
276 291
276 294
276 299
276 586
713 708
713 710
713 730
713 734
713 736
713 821
713 908
713 995
897 903
897 914
897 917
628 191
628 632
628 651
695 927
695 896
695 863
726 742
726 744
726 746
726 749
277 445
277 930
650 203
650 643
650 651
650 655
650 658
650 662
650 674
650 974
650 919
650 875
932 347
932 621
932 909
932 911
932 917
932 953
932 955
932 996
363 45
363 177
748 117
748 428
376 355
376 360
376 364
376 379
376 385
376 400
69 68
69 92
69 288
69 524
69 732
69 96
69 603
355 45
377 380
377 383
377 385
377 387
377 395
377 401
377 695
377 802
547 568
547 571
547 886
547 605
547 671
547 842
505 503
505 529
505 598
505 645
332 554
332 577
332 576
332 722
354 80
354 150
660 45
660 649
660 671
660 680
660 682
660 685
419 72
419 405
419 409
419 425
419 427
419 432
419 436
419 438
419 440
419 952
419 619
419 647
419 788
591 577
591 615
315 340
315 667
402 401
402 405
402 409
402 411
402 413
402 415
402 417
402 419
402 422
402 424
402 427
402 820
402 995
402 736
300 290
300 294
300 295
300 299
300 302
300 308
300 310
300 313
300 315
300 317
300 319
300 322
300 324
300 344
300 796
300 575
855 46
855 323
855 858
855 860
855 865
855 868
855 870
855 873
855 880
855 919
855 952
855 979
434 453
434 455
434 458
434 799
434 608
434 848
973 46
973 135
973 359
973 413
973 517
973 566
973 985
973 990
973 994
973 996
96 121
96 237
595 109
422 428
422 447
422 522
970 368
970 985
970 995
673 149
673 658
673 679
673 681
673 684
673 687
673 690
673 692
673 695
673 698
673 843
618 621
618 860
766 47
766 199
766 220
766 274
766 329
766 559
766 674
766 744
766 751
766 764
766 770
766 772
766 774
766 776
766 784
766 787
766 999
766 814
73 72
73 78
73 80
73 83
73 85
73 91
73 95
73 686
73 389
73 131
73 199
73 664
73 940
73 907
310 313
310 318
310 326
310 328
310 331
310 334
310 501
310 969
415 219
415 409
415 427
415 431
415 437
415 440
415 938
415 928
420 67
420 406
420 430
420 432
420 436
420 439
420 441
420 444
420 501
435 432
435 436
435 440
435 445
435 449
435 456
435 856
435 523
435 643
843 380
843 682
75 68
75 88
75 92
75 94
75 97
75 100
75 834
75 359
75 757
798 50
798 802
798 806
798 818
798 821
798 823
798 921
144 150
144 168
144 699
144 297
622 621
806 88
658 50
658 637
658 649
658 680
76 59
76 80
76 83
76 98
76 138
743 744
743 761
743 765
743 896
743 884
916 162
916 461
916 726
916 777
916 893
916 903
916 906
916 923
916 942
77 68
77 153
378 385
378 395
378 401
211 138
478 470
478 476
478 483
478 489
478 501
478 503
572 138
572 577
572 587
572 591
572 676
228 217
686 262
686 674
686 680
686 707
686 709
686 913
686 834
214 191
214 216
214 219
214 221
214 223
214 225
214 227
214 229
214 232
214 236
214 239
214 864
214 747
214 906
214 813
371 353
371 364
371 372
371 374
371 376
371 379
371 381
371 383
371 386
371 388
371 391
371 395
371 809
371 415
371 585
371 643
736 54
736 210
736 751
754 432
754 613
754 737
754 744
754 746
754 752
754 759
198 220
198 949
818 110
818 201
818 529
598 621
555 357
555 557
555 570
555 581
555 599
555 615
921 56
921 744
921 903
921 914
921 923
921 930
921 935
921 937
921 940
921 942
921 944
854 56
854 140
854 361
854 413
854 473
854 630
854 806
854 838
854 858
209 191
209 231
209 233
209 818
209 501
209 618
209 913
209 363
789 56
789 772
789 780
789 788
789 792
789 794
789 798
789 800
789 802
789 807
789 811
789 813
789 983
789 820
939 962
939 964
479 471
479 498
479 501
479 503
915 56
915 110
915 295
915 594
915 759
533 366
533 522
533 524
533 525
533 526
533 530
533 535
533 538
533 540
533 542
533 545
533 548
533 551
533 553
533 555
533 789
533 634
127 151
127 173
127 283
853 68
853 134
853 215
853 364
853 557
853 709
853 847
853 849
853 850
853 854
853 856
853 859
853 863
853 869
853 872
853 874
853 877
853 924
342 329
342 346
342 355
342 357
342 360
364 347
839 58
839 120
839 177
839 451
398 410
398 414
398 422
398 914
398 729
398 579
941 917
941 923
941 956
941 966
767 58
241 498
963 487
963 717
963 954
963 960
963 962
963 967
963 980
963 983
963 986
963 988
546 60
546 557
546 568
546 570
546 712
546 968
393 379
393 380
393 383
393 385
393 406
393 410
393 412
393 414
393 418
393 497
393 753
393 896
393 593
475 60
475 107
475 452
475 469
382 364
382 372
382 376
382 379
382 383
382 385
382 387
382 400
382 560
382 577
86 633
86 775
86 766
86 623
524 84
524 500
524 503
524 517
524 518
524 519
524 527
524 529
524 534
524 539
524 544
524 547
524 549
524 887
524 675
524 804
524 960
930 159
930 928
515 503
515 522
515 525
515 528
515 531
515 534
515 536
515 539
515 830
515 773
728 752
745 761
745 770
745 783
351 88
351 210
351 221
351 326
351 357
351 360
351 362
351 365
351 369
351 372
351 375
351 880
351 827
351 960
302 195
302 318
302 323
302 570
906 99
906 153
87 83
87 111
87 222
87 472
87 601
87 735
87 473
87 732
490 111
362 63
362 340
362 353
362 378
362 383
362 385
362 387
362 431
511 517
511 529
511 600
511 709
511 607
113 135
113 648
113 793
113 272
113 866
514 63
514 99
514 510
514 520
514 529
514 532
514 534
514 538
514 791
514 692
514 966
514 628
514 799
514 882
594 994
439 63
439 67
439 442
439 446
439 450
439 452
439 454
439 456
439 458
439 460
439 463
439 657
439 493
439 553
881 64
881 376
881 742
881 754
881 877
881 886
881 900
723 397
269 283
269 293
269 687
269 421
98 99
98 103
98 109
98 111
98 117
98 123
98 159
98 189
876 361
876 438
876 587
876 641
876 858
876 895
876 898
876 900
619 608
619 622
619 632
619 636
619 640
619 942
619 820
619 778
619 882
477 233
477 479
477 483
477 486
477 488
477 490
477 497
477 958
477 860
477 585
621 72
683 77
683 91
683 674
683 703
683 705
683 707
683 950
580 89
580 557
580 576
580 581
580 587
580 591
580 595
580 597
580 739
734 410
734 714
734 723
734 730
734 746
734 750
734 752
734 758
734 885
734 748
200 208
200 210
200 217
200 221
200 683
200 241
200 630
733 276
733 414
733 752
733 756
733 758
733 777
733 952
258 239
258 255
258 262
258 267
258 270
258 273
258 277
258 280
258 282
258 370
258 559
258 420
258 599
258 460
258 544
366 353
366 385
703 977
285 292
285 304
285 308
285 932
285 800
285 874
285 493
285 788
285 857
369 836
935 68
935 225
935 632
935 749
935 914
935 955
935 957
935 959
935 980
777 489
777 786
732 425
732 476
732 737
732 748
732 752
732 754
732 878
868 116
868 856
868 858
868 877
868 879
868 881
868 886
868 888
868 892
153 120
153 132
153 999
774 85
540 539
540 942
426 413
426 419
426 421
426 423
426 424
426 430
426 434
426 436
426 440
426 446
426 451
426 911
426 947
426 969
426 958
426 687
114 120
114 123
114 135
114 191
114 891
114 968
700 764
212 288
892 71
892 108
892 501
892 903
892 911
892 915
892 917
892 934
470 189
97 114
97 116
97 118
97 122
97 417
97 170
97 606
97 716
97 169
961 982
961 984
961 986
247 267
247 271
247 791
247 698
247 420
203 201
284 283
284 289
284 291
284 293
284 296
284 299
284 303
284 305
284 318
284 925
284 698
284 994
504 366
504 487
504 493
504 497
504 520
504 528
504 588
504 821
504 717
518 506
518 510
518 520
518 523
518 526
518 528
518 531
518 535
518 540
518 542
518 618
518 634
518 632
518 903
518 700
389 255
389 372
389 385
389 395
389 406
389 409
389 566
389 468
792 199
792 746
792 767
792 771
792 776
792 777
792 783
792 788
792 794
792 797
792 799
792 802
792 806
792 808
792 814
792 869
549 174
549 570
549 574
549 800
637 78
637 621
356 354
356 360
356 362
356 364
356 366
356 371
356 373
356 375
356 378
356 380
356 563
356 939
356 938
356 859
356 837
164 168
164 174
164 185
164 189
164 639
164 473
164 611
164 642
164 446
164 388
164 222
232 255
232 715
359 383
722 76
722 710
722 714
722 739
722 741
722 743
722 745
722 828
722 795
722 844
902 886
902 899
902 910
902 914
902 923
902 925
902 927
579 577
579 587
579 594
579 598
579 603
579 628
850 307
850 473
850 690
850 828
850 858
850 868
850 871
850 873
850 875
850 962
829 581
829 806
829 849
829 851
102 121
102 176
102 426
397 77
397 239
397 409
600 77
904 77
904 553
904 888
904 906
904 928
423 183
423 268
423 410
423 430
423 539
891 78
891 877
891 886
891 906
891 908
891 910
891 912
891 914
891 987
459 78
459 748
459 863
104 380
104 441
104 413
492 123
492 493
492 497
492 499
492 502
492 504
492 509
492 512
492 514
492 516
492 974
492 538
492 810
492 598
492 920
236 220
236 233
236 239
236 243
236 248
236 251
236 259
236 261
236 904
236 867
236 780
236 387
236 883
236 971
215 190
215 201
629 99
629 632
629 637
629 649
629 851
629 862
629 678
629 836
805 143
805 797
805 802
805 808
805 810
805 812
805 814
805 817
805 822
805 826
805 828
805 830
805 982
909 195
909 353
204 212
204 219
204 221
204 269
204 417
204 439
443 295
443 460
443 462
443 464
443 466
443 632
443 721
103 231
187 83
187 174
187 177
187 182
187 184
187 185
187 186
187 189
187 192
187 194
187 203
187 206
187 208
187 210
187 212
187 672
187 853
187 524
187 454
238 442
238 366
306 317
306 323
306 330
306 769
306 905
306 662
306 451
810 559
810 742
810 790
810 802
810 819
810 823
810 825
810 829
810 833
810 994
729 95
729 264
729 708
729 749
729 752
729 754
180 196
180 198
180 201
180 205
180 734
180 645
180 440
180 934
213 190
213 201
213 207
213 211
213 215
213 222
213 228
213 230
213 998
213 897
213 581
222 220
681 162
681 219
681 340
681 685
585 83
585 360
585 574
585 576
585 577
585 579
585 581
585 584
585 587
585 589
585 593
585 595
585 598
585 601
585 605
585 608
585 610
585 701
585 907
912 263
912 479
912 932
912 935
912 937
143 132
143 340
848 245
848 360
848 828
633 471
633 621
633 639
633 643
633 797
633 989
633 801
775 271
775 752
775 759
775 776
775 790
775 794
775 797
775 800
775 912
775 855
142 915
142 660
142 536
142 834
142 895
147 132
147 149
147 151
147 153
147 155
147 158
147 160
147 163
147 166
147 168
147 170
147 172
147 624
147 822
147 701
147 304
147 376
938 177
938 960
938 962
873 314
873 589
873 591
873 737
873 886
873 893
873 896
873 931
847 598
847 856
847 862
847 864
847 867
847 869
847 871
847 933
917 899
314 308
314 329
314 331
314 334
314 337
314 693
314 613
693 89
693 107
693 355
693 400
693 680
693 697
974 671
974 685
974 719
974 730
974 761
974 967
974 975
974 985
974 992
413 89
413 410
412 395
412 401
412 409
412 413
412 422
412 428
412 431
412 436
412 669
412 538
412 790
412 572
126 121
126 138
126 149
115 775
813 119
813 498
813 622
813 802
813 807
813 812
813 816
813 819
813 822
813 825
813 827
813 829
813 831
813 834
813 837
813 911
193 208
193 210
193 218
193 526
193 950
193 431
193 315
193 271
662 685
662 687
654 92
654 181
654 664
654 669
654 671
654 674
654 739
456 210
793 485
793 786
793 800
793 803
793 806
793 808
793 810
793 813
793 817
793 950
793 825
793 983
510 94
510 168
510 174
510 487
510 503
510 519
116 135
951 94
951 150
951 317
951 659
951 960
951 971
951 973
951 975
951 986
784 797
784 808
861 94
861 190
861 304
861 497
861 542
861 858
861 870
861 872
861 874
861 878
861 881
861 883
861 886
861 929
119 132
688 440
688 685
688 690
688 692
688 694
688 696
688 698
688 701
688 703
688 707
688 711
688 713
688 996
688 867
201 181
134 150
134 153
134 158
134 346
134 497
606 619
606 622
606 624
606 627
606 629
606 778
606 808
606 669
606 925
606 859
172 174
172 176
172 178
172 180
172 183
172 185
172 188
172 191
172 193
172 195
172 832
172 367
172 455
172 237
172 831
956 96
956 341
956 671
943 184
716 735
716 738
716 774
823 292
823 329
823 613
823 811
823 812
823 833
823 843
324 317
324 344
324 346
324 514
324 530
324 510
584 98
584 283
584 289
584 476
584 582
584 583
584 587
584 589
584 594
584 596
584 599
584 601
584 603
584 608
584 675
584 781
582 587
582 597
582 603
582 605
648 99
648 385
648 643
648 649
648 656
648 659
648 664
648 667
648 669
648 671
648 673
648 885
320 342
320 966
320 974
320 562
125 120
125 134
125 138
125 150
125 700
125 866
125 849
125 252
427 409
663 313
663 687
605 581
605 600
605 607
605 621
605 626
605 628
605 630
605 658
605 710
856 659
856 838
301 488
301 550
301 522
301 681
680 135
543 237
543 525
543 559
543 561
543 566
785 797
785 802
785 806
785 863
441 191
441 461
441 463
441 466
645 177
645 672
404 425
404 479
578 576
578 581
578 588
578 591
578 594
578 597
578 599
578 601
578 854
578 829
578 626
128 121
128 138
128 151
128 153
128 279
499 230
499 475
499 483
499 497
499 500
499 511
499 513
499 517
499 519
499 761
499 928
499 665
499 948
499 854
129 132
129 150
129 455
129 327
129 850
129 667
129 555
281 304
273 283
273 289
273 292
273 294
273 296
617 108
617 268
617 293
617 594
617 600
617 607
617 608
617 630
617 632
154 162
154 174
154 872
154 657
154 283
154 931
154 498
820 409
820 802
820 867
753 108
753 643
753 693
753 748
753 751
753 754
753 761
753 763
753 765
753 767
753 772
753 775
753 778
753 973
753 795
559 221
684 109
684 220
684 706
684 849
684 756
649 110
954 111
954 370
954 832
274 299
620 643
620 973
620 745
330 340
330 354
137 132
137 151
137 153
137 157
137 159
137 161
137 509
137 580
137 249
137 515
137 198
137 740
780 119
780 205
780 483
780 802
866 185
866 188
866 725
866 748
866 856
866 870
866 872
866 876
866 879
866 881
866 884
866 888
866 890
251 313
531 225
531 525
531 543
531 549
531 552
531 567
531 926
531 772
531 660
531 939
141 853
141 356
454 469
454 471
454 473
454 475
454 479
454 623
454 898
454 603
809 308
809 806
809 819
809 821
809 823
809 826
809 828
809 830
809 833
809 900
762 761
762 763
762 766
762 768
762 771
762 773
762 776
762 778
762 780
762 782
762 784
762 786
762 806
762 794
821 116
821 117
821 215
821 806
763 752
763 759
763 771
763 776
763 782
763 788
381 848
381 735
957 235
957 940
957 943
957 967
957 978
957 981
634 632
634 651
634 655
948 266
948 498
948 923
948 936
948 950
948 952
948 954
948 956
948 959
948 962
948 965
948 967
948 969
948 973
895 119
895 243
895 917
335 697
335 560
335 523
408 406
408 409
408 986
589 380
589 570
589 577
589 607
589 613
668 158
668 323
668 411
668 649
668 655
668 659
668 674
668 682
668 687
668 692
668 890
668 757
668 790
901 903
901 919
901 921
901 923
901 925
901 977
787 123
787 697
787 767
787 771
787 806
787 811
787 964
787 818
149 174
835 639
835 737
835 860
545 630
833 220
833 335
833 858
312 308
312 634
152 151
152 158
152 173
152 447
800 812
800 824
665 674
665 682
665 685
665 687
542 132
542 559
542 561
542 651
913 128
913 344
913 400
913 699
913 903
913 924
913 928
913 931
913 933
913 936
913 938
455 451
455 457
455 462
455 464
455 469
455 471
455 476
455 478
455 480
455 983
455 950
455 640
455 849
934 311
934 646
416 405
416 406
416 899
156 150
156 175
156 177
156 385
156 463
641 630
641 655
641 658
641 665
641 748
761 131
761 308
761 752
761 767
761 771
334 357
157 490
157 605
157 760
202 221
202 992
202 971
202 817
202 688
202 576
361 452
161 428
161 456
894 517
894 886
894 903
894 909
894 911
894 915
894 918
449 469
449 471
449 473
297 303
297 307
297 310
297 313
297 317
297 319
297 322
297 811
297 348
297 539
740 764
740 929
260 255
445 139
445 162
165 150
165 181
165 183
165 716
165 344
165 733
165 287
770 665
770 746
770 749
770 751
770 752
770 759
770 761
770 764
770 772
770 790
770 875
184 181
184 190
184 205
184 208
184 248
184 570
321 308
321 323
321 340
321 342
321 344
321 346
167 150
167 175
167 184
167 189
167 474
167 178
167 677
905 474
905 893
905 903
905 919
905 921
905 923
905 925
905 927
905 929
905 933
388 379
388 387
388 400
388 404
388 406
388 408
388 411
388 413
388 743
388 695
388 922
575 581
575 586
575 591
575 598
575 921
375 357
375 385
375 387
375 396
375 400
375 581
375 989
375 963
375 765
375 524
375 969
375 932
316 323
316 331
316 334
316 463
316 659
316 848
316 907
316 727
444 467
444 931
444 573
875 161
875 368
875 886
875 888
875 893
937 923
937 940
937 943
937 945
937 948
937 951
937 955
937 957
937 959
937 962
468 159
182 201
182 203
182 205
182 207
182 767
182 771
182 881
182 927
624 600
624 637
624 639
624 641
624 644
624 647
624 649
825 617
825 802
825 806
859 858
859 875
859 877
859 879
859 883
859 914
859 987
194 174
194 175
194 190
194 191
194 208
194 211
194 219
194 628
194 993
194 260
537 149
537 354
537 528
537 531
537 533
537 536
537 539
537 541
537 544
537 547
537 551
537 555
537 557
537 559
537 561
537 888
931 149
931 340
931 581
931 923
931 943
931 950
931 954
931 956
513 489
513 497
513 503
513 525
513 528
513 534
513 537
513 997
513 978
513 842
358 151
358 346
358 372
358 375
358 377
358 381
358 383
358 385
358 984
358 512
447 432
447 471
447 517
447 577
647 632
647 669
647 869
647 852
936 152
936 608
936 956
936 960
403 410
403 425
403 427
403 567
403 841
403 761
253 239
253 263
253 271
253 838
253 731
253 443
484 195
484 487
484 491
484 493
484 495
484 497
484 499
484 501
484 503
484 505
484 507
484 509
484 623
484 957
484 983
564 243
564 557
564 566
564 570
564 580
564 583
564 586
564 655
564 724
760 215
760 506
760 658
760 737
760 784
760 870
760 955
689 674
689 680
689 693
689 700
689 704
689 706
689 708
689 710
689 712
689 963
741 380
741 457
741 723
741 744
741 751
741 754
741 756
741 758
741 761
741 765
741 858
741 885
679 244
679 687
679 692
679 701
679 703
679 859
679 777
185 190
185 192
185 195
185 221
966 453
966 956
966 972
966 975
966 985
966 988
966 991
318 308
318 323
644 162
644 195
644 630
644 664
644 666
644 668
644 968
644 941
863 424
863 587
863 858
863 883
863 887
863 943
350 340
350 347
350 356
350 358
350 360
350 362
350 368
350 372
350 374
350 861
350 853
350 539
350 622
350 586
399 387
399 400
399 405
399 410
399 417
399 419
399 421
399 424
399 557
399 604
399 605
399 524
639 630
639 632
639 649
908 926
908 928
908 931
908 943
282 286
282 288
282 290
282 292
282 294
282 302
282 304
282 306
282 972
282 562
282 756
819 221
819 517
819 754
819 806
819 807
819 812
819 814
819 821
819 824
819 826
819 828
819 833
819 836
819 843
819 871
446 233
446 430
446 461
446 468
446 470
446 773
900 383
900 680
900 886
900 899
677 671
677 674
677 681
677 685
677 687
677 691
677 693
677 695
677 697
677 700
677 702
742 423
742 744
742 767
609 174
609 281
609 328
609 342
609 600
609 607
609 617
609 619
609 621
609 625
609 628
609 630
609 632
609 634
609 637
652 674
652 853
652 815
794 802
794 806
794 811
794 814
270 283
270 289
270 293
270 295
581 600
947 181
947 273
947 325
947 427
947 461
947 568
947 570
947 930
947 940
947 943
947 950
947 954
947 960
947 971
583 577
583 622
814 361
814 469
814 806
210 190
210 217
210 231
210 233
210 235
812 994
552 566
552 570
552 576
552 820
552 595
341 323
341 771
341 435
341 409
341 469
341 870
341 893
303 308
303 326
303 328
303 510
615 210
615 594
615 600
615 608
615 621
348 190
348 347
348 367
348 369
348 372
348 383
348 609
348 554
348 945
512 517
512 521
512 534
512 536
512 746
512 904
512 814
512 894
808 192
808 197
808 802
808 833
694 192
694 313
694 693
694 696
694 699
694 701
694 703
694 706
694 709
694 711
694 713
694 718
305 294
305 299
305 304
305 307
305 313
305 318
305 321
305 323
305 325
305 330
305 333
305 909
305 530
305 631
526 503
526 539
526 545
526 551
651 357
651 498
651 630
651 632
651 649
651 674
731 197
731 493
731 715
731 717
731 719
731 720
731 721
731 723
731 725
731 727
731 732
731 735
731 737
731 739
731 741
731 743
731 746
731 749
731 753
731 755
731 820
227 231
227 233
227 235
227 438
227 299
227 633
778 796
778 800
778 802
778 937
885 359
885 566
885 879
885 886
885 909
885 914
368 201
368 387
338 355
338 357
338 359
338 470
338 750
338 727
338 431
338 771
711 697
711 699
711 708
711 710
711 715
711 725
711 728
711 730
711 733
711 736
711 984
640 464
640 649
640 658
640 662
640 916
918 940
918 942
764 255
764 318
451 999
411 215
411 410
626 219
626 621
626 632
626 999
336 353
336 355
336 357
336 360
336 816
682 680
682 685
682 714
690 231
384 360
384 372
384 379
384 390
384 392
384 396
384 398
384 401
384 403
384 406
384 409
384 444
384 908
384 816
384 554
914 232
914 425
914 739
886 232
886 539
886 627
322 323
322 333
322 336
322 339
322 341
322 344
322 347
322 906
322 618
322 799
322 850
884 661
884 877
884 903
884 905
884 907
534 556
534 606
534 688
534 893
442 467
887 239
887 561
887 865
887 872
887 876
887 880
887 881
887 883
887 885
887 888
887 893
887 896
887 898
887 900
887 902
887 904
887 906
887 908
887 910
887 912
964 241
964 378
964 779
964 825
964 952
964 956
964 967
964 986
964 988
275 679
275 835
275 982
275 396
852 308
852 858
374 255
374 360
280 296
280 298
280 302
280 331
280 737
280 613
280 932
280 486
880 649
880 878
880 879
880 886
880 888
880 890
880 900
880 902
880 923
506 529
506 594
842 379
842 542
842 812
309 835
461 370
461 440
675 671
675 672
675 679
675 682
675 684
675 686
675 689
675 691
675 695
675 698
675 724
675 709
675 886
421 410
421 427
421 431
421 440
421 442
421 445
421 941
421 516
421 696
296 308
296 346
727 587
727 710
727 715
727 723
727 732
727 734
727 736
727 738
727 742
727 744
727 746
727 748
727 750
727 752
727 934
781 445
781 632
781 772
781 786
781 788
781 791
781 795
781 797
781 799
781 801
781 804
781 820
781 974
788 786
788 790
788 802
788 807
788 811
844 303
844 854
844 856
844 860
844 867
844 884
349 361
349 363
349 365
349 367
349 369
349 371
349 373
349 895
349 415
869 329
869 878
869 888
869 890
869 892
739 353
739 355
739 761
739 790
676 387
676 475
676 510
676 680
676 700
596 577
596 607
596 618
596 621
448 440
448 468
448 470
448 581
448 697
448 877
481 471
481 782
481 716
481 599
481 789
481 701
