0 43
0 47
98 36
98 37
98 45
98 49
98 50
98 66
98 82
98 86
98 87
98 89
98 90
98 92
98 96
98 97
97 37
97 45
97 50
97 52
97 53
97 55
97 68
97 74
97 76
97 77
97 82
97 85
97 87
97 90
97 95
4 7
4 14
4 22
4 24
4 83
4 79
4 76
4 35
4 66
4 45
96 88
96 92
96 97
5 37
5 42
5 47
5 61
5 50
5 52
5 54
93 53
93 68
93 69
93 76
93 77
93 80
93 81
93 82
93 85
93 86
93 87
93 95
93 97
93 99
92 24
92 37
92 47
92 49
92 50
92 55
92 66
92 88
91 45
91 53
91 66
91 68
91 74
91 76
91 80
91 81
91 83
91 86
91 87
91 89
91 90
91 92
91 96
91 97
11 45
11 75
11 77
11 49
11 66
11 58
11 59
89 76
89 85
89 87
89 92
89 95
13 82
13 81
13 80
13 79
13 49
13 75
13 53
13 54
13 56
13 57
13 58
13 67
13 62
13 63
13 16
13 22
13 38
13 44
13 50
13 72
13 68
13 71
13 65
86 37
86 92
85 76
85 88
85 92
16 24
16 41
16 88
16 75
16 58
16 61
16 69
84 12
84 24
84 37
84 55
84 74
84 80
84 82
84 87
84 85
84 89
84 95
17 55
17 69
83 45
83 48
83 49
83 52
83 53
83 66
83 76
83 82
83 85
83 87
83 92
18 62
18 63
18 70
18 68
18 23
18 26
18 98
18 88
18 84
18 80
18 76
18 65
18 72
19 24
81 48
81 49
81 52
81 53
81 69
81 76
81 77
81 96
81 98
81 88
81 92
20 77
20 75
20 67
20 68
20 70
20 23
20 29
20 94
20 84
20 80
20 64
20 66
80 36
80 53
80 55
80 66
80 68
80 88
80 92
80 86
21 2
21 12
21 54
21 88
21 74
79 9
79 10
79 24
79 36
79 37
79 45
79 46
79 47
79 48
79 49
79 52
79 60
79 62
79 68
79 70
79 83
79 85
79 87
79 89
79 94
79 97
79 81
79 91
79 95
22 96
22 51
22 53
22 89
22 85
22 60
22 83
22 63
22 74
78 9
78 12
78 19
78 36
78 50
78 53
78 54
78 66
78 69
78 74
78 76
78 77
78 88
78 92
78 95
78 97
78 81
78 86
78 94
23 71
23 74
23 26
23 28
23 44
23 50
23 51
23 90
23 89
23 88
23 64
23 86
23 79
23 76
77 2
77 8
77 12
77 82
75 24
75 29
75 36
75 49
75 50
75 55
75 67
75 74
75 76
75 81
75 83
75 85
75 88
75 93
75 96
75 99
75 86
75 90
26 86
26 68
26 83
26 81
26 73
26 75
26 76
26 35
26 42
26 45
26 46
26 59
26 84
26 71
26 79
74 9
74 12
74 36
74 37
74 45
74 49
74 53
74 66
74 76
74 82
74 88
74 92
72 37
72 77
72 85
72 88
72 92
72 95
72 73
72 80
72 87
72 93
72 90
71 24
71 46
71 47
71 48
71 50
71 53
71 54
71 55
71 63
71 66
71 67
71 69
71 75
71 80
71 82
71 87
71 91
71 96
71 98
71 76
71 78
71 85
71 88
71 93
71 92
30 36
30 63
30 94
30 70
30 73
32 73
32 75
32 77
32 86
32 85
32 84
32 40
32 49
32 51
32 61
32 90
32 89
32 88
68 2
68 82
33 53
33 76
33 85
67 12
67 24
67 37
67 45
67 49
67 53
67 76
67 82
67 88
67 92
67 95
67 69
34 37
34 45
34 50
34 98
34 75
34 79
66 3
66 7
66 9
66 82
35 79
35 91
35 83
65 9
65 10
65 12
65 24
65 27
65 37
65 45
65 48
65 49
65 53
65 54
65 55
65 73
65 76
65 78
65 81
65 83
65 85
65 88
65 93
65 95
65 97
65 99
65 70
65 80
65 89
65 91
64 2
64 9
64 19
64 25
64 27
64 36
64 45
64 50
64 52
64 55
64 67
64 70
64 74
64 76
64 88
64 90
64 92
64 98
64 69
64 83
64 87
64 96
64 94
38 2
38 12
38 53
38 77
38 96
38 94
38 84
38 85
38 86
38 87
38 88
38 45
38 51
38 62
38 67
38 95
38 93
62 2
62 7
62 8
62 9
62 10
62 12
62 24
62 53
62 82
39 12
39 94
40 82
40 86
40 87
40 89
40 90
40 52
40 50
40 54
40 61
40 62
40 64
40 68
40 73
40 83
41 24
41 36
41 50
41 52
41 66
41 71
41 74
41 78
41 80
41 82
41 99
41 85
41 86
41 95
41 94
41 91
41 43
41 57
41 61
41 67
41 73
41 77
41 96
59 9
59 37
59 49
59 55
59 60
59 68
59 74
59 76
59 78
59 80
59 82
59 84
59 86
59 89
59 91
59 95
59 97
59 99
59 64
59 67
59 71
59 73
59 92
42 12
42 24
42 82
42 85
42 86
42 97
42 95
42 91
42 43
42 44
42 53
42 60
42 64
42 68
42 79
42 98
42 89
58 8
58 12
58 48
58 52
58 53
58 77
58 80
58 83
58 85
58 87
58 89
58 92
58 94
58 96
58 99
58 79
58 90
57 12
57 49
57 55
57 77
57 82
57 84
57 87
57 89
57 91
57 93
57 97
57 99
57 68
57 73
57 80
57 86
57 96
44 2
44 12
44 80
44 82
44 86
44 88
44 99
44 98
44 97
44 96
44 95
44 45
44 50
44 63
44 69
44 75
44 78
44 85
45 2
45 12
46 2
46 12
46 50
54 12
49 12
50 2
1 4
1 7
1 94
1 10
1 92
1 13
1 90
1 17
1 81
1 74
1 35
1 40
1 55
99 19
99 24
99 29
99 37
99 45
99 47
99 48
99 55
99 62
99 63
99 68
99 69
99 70
99 76
99 77
99 84
99 88
99 91
99 95
99 98
95 8
95 24
95 37
95 53
6 54
6 55
6 56
6 98
6 18
6 21
6 24
6 31
6 76
6 37
6 69
6 66
94 37
94 47
94 50
94 54
94 55
94 66
94 67
94 68
94 84
94 89
94 91
94 92
94 93
94 96
94 98
90 12
90 36
90 48
90 49
90 50
90 77
90 82
90 85
90 88
90 89
87 82
87 92
15 24
15 50
15 72
15 59
15 63
76 2
76 3
76 9
25 53
73 9
73 27
73 53
73 55
73 81
73 87
73 93
28 8
28 12
28 77
28 78
28 37
28 45
28 51
28 53
28 55
28 57
28 65
28 61
28 68
70 7
70 24
70 37
70 77
70 82
70 87
31 37
31 47
31 95
31 67
31 70
31 69
31 84
63 2
63 8
63 9
63 37
69 37
69 53
60 12
60 53
60 82
60 95
61 2
61 12
61 14
61 24
61 27
61 36
61 37
61 49
61 50
61 52
61 74
61 76
61 78
61 80
61 83
61 85
61 87
61 89
61 91
61 94
61 96
61 99
61 66
61 68
61 81
61 93
43 12
43 82
43 88
43 97
43 96
43 95
43 45
43 44
43 48
43 53
43 55
43 61
43 74
43 86
56 24
56 37
56 47
56 50
56 52
56 53
56 57
56 62
56 64
56 66
56 68
56 72
56 74
56 76
56 78
56 80
56 85
56 87
56 89
56 94
56 96
56 58
56 61
56 71
56 84
56 90
56 92
56 99
52 2
52 12
51 2
51 12
51 24
51 36
51 37
51 41
51 44
51 47
51 49
51 50
51 52
51 54
51 57
51 59
51 61
51 63
51 66
51 68
51 71
51 75
51 78
51 81
51 83
51 86
51 88
51 91
51 93
51 97
51 55
51 69
51 76
51 79
51 90
51 96
