0 202
0 102
0 805
0 55
0 643
0 861
0 917
0 233
1 798
999 990
999 993
2 9
2 35
998 22
998 606
998 977
998 983
998 986
998 991
998 997
4 982
4 28
4 29
4 620
4 430
4 495
4 748
4 842
4 142
4 966
4 553
4 490
4 359
996 358
996 600
996 848
996 971
996 977
996 983
996 987
996 989
996 992
996 993
5 65
5 74
5 705
5 262
5 433
5 44
5 17
995 315
995 616
995 634
995 669
995 852
6 28
6 982
6 981
6 202
6 335
6 162
6 295
6 899
6 218
994 231
994 974
994 977
994 983
994 995
993 14
993 345
993 968
993 990
993 992
993 995
991 967
991 968
991 982
991 993
991 995
991 997
991 999
10 121
990 650
990 687
990 847
990 920
990 954
990 965
990 969
990 972
990 983
989 9
989 11
989 964
989 968
989 990
989 994
12 31
12 42
988 9
988 85
988 166
988 965
988 966
988 967
988 983
988 984
988 985
988 987
988 989
988 992
988 994
13 638
13 703
987 9
987 12
987 195
987 969
987 977
987 990
987 995
985 189
985 952
985 967
985 974
985 977
985 995
16 151
984 806
984 811
984 923
984 964
984 966
984 972
984 983
984 990
984 992
983 423
983 968
982 964
982 974
19 14
19 35
19 43
19 504
19 111
19 874
19 911
19 841
19 227
981 425
981 967
981 968
981 975
981 978
981 980
981 984
981 987
981 990
981 993
981 995
981 997
981 999
20 31
980 983
21 11
21 17
21 20
21 26
21 31
21 36
21 42
21 996
21 660
21 850
21 658
21 611
21 633
21 517
21 464
21 679
979 745
979 781
979 968
979 974
979 993
22 86
978 36
978 956
978 969
978 990
978 994
23 43
23 786
977 2
977 14
977 574
977 789
977 790
977 961
977 964
977 965
977 971
977 995
24 42
24 46
24 48
24 999
24 117
24 259
24 439
24 642
24 760
24 64
24 967
975 63
975 124
975 971
289 294
289 296
289 299
289 301
289 303
289 305
289 308
289 310
289 312
289 912
289 635
289 533
289 709
289 904
202 219
202 647
202 782
202 966
202 994
202 698
202 624
846 130
846 656
846 828
846 831
846 839
846 865
846 868
102 80
102 86
573 35
573 582
573 592
573 594
573 596
573 815
573 692
573 845
805 22
805 134
805 803
805 807
805 809
805 811
805 816
805 818
805 820
805 822
805 827
805 829
836 15
836 53
836 831
836 837
836 839
55 43
55 60
55 63
55 66
55 70
55 75
55 77
55 80
55 924
55 293
55 683
241 237
241 256
241 261
241 263
241 757
241 452
241 822
861 168
861 651
861 862
861 871
861 876
861 879
861 882
861 884
861 914
861 963
917 730
917 774
917 897
917 900
917 908
917 909
917 911
917 915
917 920
917 928
917 931
917 933
917 935
917 937
917 941
917 976
136 147
136 151
233 231
233 237
233 239
233 248
233 250
233 256
233 316
233 404
233 382
233 749
997 823
997 858
997 899
997 972
997 974
997 979
997 980
997 982
997 988
997 994
997 995
997 996
7 31
992 14
992 17
992 974
992 977
992 983
992 995
15 64
986 9
986 176
986 179
986 263
986 266
986 354
986 488
986 512
986 837
986 887
986 964
986 972
986 994
986 997
25 43
615 239
615 417
615 638
615 852
615 680
927 117
927 269
927 350
927 533
927 758
927 907
927 915
927 918
927 919
927 921
927 928
927 930
927 935
927 940
927 942
927 944
927 946
927 948
927 953
422 423
492 496
492 513
492 772
492 815
492 722
492 974
492 967
911 75
911 166
911 748
911 765
911 893
911 895
911 897
911 900
911 906
911 910
911 920
911 924
911 932
911 934
67 43
67 64
67 66
67 86
67 88
67 271
453 58
453 473
766 67
766 228
766 273
766 409
766 765
766 769
766 776
766 783
766 790
766 998
766 812
287 744
287 702
287 675
287 351
530 542
530 544
530 546
530 554
530 587
530 934
575 347
575 558
575 571
575 572
575 574
575 578
575 582
575 585
575 590
575 593
575 596
575 967
575 689
575 820
798 31
798 155
798 793
798 821
18 42
18 792
18 497
18 283
18 584
18 942
18 272
18 701
18 787
18 482
26 17
101 98
101 119
101 798
101 172
101 130
101 666
147 187
684 687
684 690
684 922
684 737
662 2
662 645
662 656
662 659
662 663
662 672
662 677
662 680
662 682
662 686
662 849
662 692
454 602
549 74
678 82
678 687
678 689
678 692
678 694
678 697
678 699
678 701
678 703
678 767
939 2
939 135
939 942
939 955
939 958
939 961
939 963
418 69
226 121
226 237
226 512
487 332
616 355
616 600
616 606
616 626
616 630
616 638
616 920
616 810
616 823
35 17
27 11
27 20
27 24
27 26
27 30
27 33
27 37
27 39
27 42
27 44
27 46
27 49
27 51
27 533
27 670
27 675
27 912
27 930
27 985
27 72
27 715
28 17
28 86
555 3
555 116
555 132
555 192
555 212
399 28
399 381
399 391
399 410
85 86
667 3
667 187
667 687
667 690
667 692
59 80
59 691
59 970
448 3
448 51
448 158
448 426
448 447
448 457
448 459
448 461
448 465
448 467
448 469
448 471
448 659
448 890
448 674
785 116
785 562
785 570
785 656
785 760
785 762
785 781
785 784
785 793
785 806
785 896
349 3
349 219
349 332
349 339
349 346
349 352
349 355
349 357
349 742
349 678
349 913
349 965
862 367
109 121
109 439
607 598
607 603
607 608
607 610
607 623
607 626
607 628
607 613
833 174
833 186
833 849
833 851
833 854
833 857
833 908
956 3
956 387
956 405
956 556
956 647
956 675
956 934
956 951
956 964
29 31
29 798
268 418
620 250
620 632
620 635
620 637
620 642
620 644
620 878
620 775
429 63
429 250
429 417
429 432
429 434
429 437
429 443
429 446
429 448
429 451
429 453
429 871
429 997
429 461
429 760
429 613
430 20
45 323
45 219
45 419
45 161
45 817
495 176
495 496
68 88
68 120
68 437
68 74
748 179
748 410
653 663
653 677
653 689
842 866
842 979
842 961
842 971
142 121
142 130
142 157
142 162
142 164
142 167
142 668
142 683
142 487
142 803
142 790
142 279
142 476
966 387
966 436
966 539
966 651
966 951
966 964
370 161
370 235
370 350
370 352
370 365
370 371
370 389
370 391
370 394
370 688
370 829
370 861
370 817
553 217
553 531
553 544
553 549
553 551
553 555
553 557
553 561
553 565
553 570
553 572
553 578
553 950
553 876
553 583
490 476
490 496
490 503
490 508
712 257
712 690
712 715
712 724
359 9
359 67
359 380
359 988
359 432
359 719
359 853
359 692
359 655
359 669
30 17
30 43
30 431
30 531
30 533
30 780
947 12
947 203
947 251
947 425
947 443
947 711
947 810
947 940
947 944
947 959
947 961
947 965
947 967
947 972
65 90
793 70
793 134
793 228
450 15
450 426
450 447
450 464
450 466
450 468
450 473
450 475
450 502
450 758
450 714
450 729
344 321
499 523
705 439
705 994
216 224
216 231
216 690
216 960
216 283
216 364
216 542
216 720
262 278
262 428
262 529
262 912
262 716
262 774
685 672
685 701
685 703
685 705
685 707
685 709
46 31
46 294
46 55
44 31
44 63
44 254
44 271
44 717
143 161
143 168
143 991
143 945
143 366
143 896
143 641
485 54
485 183
485 426
485 476
485 482
485 484
485 486
485 489
485 491
485 497
485 499
485 504
485 507
485 510
485 563
485 601
485 969
50 177
335 346
335 358
335 512
162 166
162 171
162 179
162 181
162 186
162 339
162 428
295 294
295 299
295 301
295 309
295 319
295 833
295 750
295 980
295 406
295 405
782 427
782 777
782 779
782 784
782 794
782 802
782 804
782 806
782 848
782 832
899 239
899 410
899 584
899 585
899 876
899 906
899 918
899 920
899 924
593 394
593 598
593 600
593 606
593 608
593 611
593 613
593 617
593 837
593 974
218 231
218 404
218 618
218 457
554 102
554 118
554 552
554 563
554 574
554 930
554 659
32 75
32 482
32 163
32 200
32 767
323 321
323 327
82 64
82 80
82 86
82 100
361 381
361 663
361 498
361 480
336 321
336 332
336 339
336 341
336 344
336 348
336 356
336 359
336 901
336 993
336 481
336 689
336 771
336 954
336 655
158 180
238 219
238 237
238 261
238 263
238 897
238 289
238 356
604 625
604 627
604 707
646 476
646 635
646 641
646 651
646 654
646 656
646 659
646 663
646 666
646 669
646 725
893 7
893 231
893 549
893 639
401 51
401 422
401 425
907 130
907 728
907 753
907 886
907 892
907 900
907 915
907 918
907 920
907 923
907 928
907 958
283 294
283 301
283 331
283 895
283 376
283 431
803 581
803 821
803 828
175 187
175 189
175 191
175 199
175 561
138 151
138 162
138 399
138 367
138 420
298 294
298 299
298 301
298 305
298 314
298 316
298 319
298 323
298 745
298 480
298 535
298 613
298 927
679 199
679 696
679 704
679 926
679 937
679 872
683 67
683 705
683 707
683 806
914 8
914 922
914 924
914 929
914 933
914 939
420 417
691 129
691 365
691 677
691 690
691 692
691 715
691 993
691 918
691 722
691 992
284 303
284 306
284 420
33 31
33 52
33 597
34 52
34 583
34 456
34 788
34 276
34 736
34 327
34 616
160 177
160 181
160 184
160 773
160 461
160 640
160 937
160 365
160 686
160 457
160 550
62 64
62 80
62 231
70 66
70 363
70 256
355 9
260 261
260 990
260 768
260 560
260 781
770 9
770 288
770 463
770 790
756 95
602 9
602 99
602 396
602 582
849 9
849 85
849 499
849 783
849 784
849 828
849 839
849 841
849 845
849 846
849 847
849 850
849 852
849 855
849 859
849 861
849 863
849 868
849 874
849 956
849 945
196 219
565 9
565 578
565 580
565 582
633 10
633 495
633 617
633 635
633 641
633 645
633 648
633 650
633 653
633 697
633 873
633 757
126 232
493 119
353 332
353 339
353 345
353 357
353 364
353 367
353 369
353 371
353 373
353 375
353 377
353 622
353 590
353 402
353 611
305 313
305 316
305 327
305 582
750 10
750 183
750 741
750 749
750 751
750 756
750 767
750 769
750 772
750 838
750 975
738 10
738 58
609 617
248 266
248 271
405 63
405 430
841 10
841 72
841 623
841 855
658 10
658 263
658 271
658 524
658 639
658 836
658 785
658 718
164 11
164 251
466 11
466 51
466 447
466 463
466 473
466 484
466 488
688 11
688 767
339 11
339 52
635 168
110 11
110 535
110 296
110 142
110 987
110 818
253 306
874 11
874 712
874 868
874 882
874 886
874 890
874 893
874 895
874 898
617 237
617 357
617 394
73 63
73 69
73 76
73 84
73 86
73 88
73 90
73 94
73 97
73 710
73 719
73 800
73 925
73 788
73 440
73 147
200 11
200 177
200 187
200 204
200 214
200 219
200 858
200 436
200 493
200 554
916 592
42 31
676 439
676 567
676 660
676 663
676 672
676 695
676 697
676 701
676 771
676 896
870 12
870 304
870 315
870 476
870 648
870 724
870 860
870 867
870 868
870 873
870 877
870 881
870 885
870 887
870 891
870 895
644 654
644 667
644 915
568 235
568 308
568 417
568 551
568 555
568 558
568 563
568 567
568 572
568 574
568 584
568 709
254 64
254 237
254 317
254 853
290 313
290 464
290 822
290 504
651 639
651 645
651 654
651 656
651 660
651 673
38 286
38 371
38 218
723 709
723 711
723 715
723 724
723 821
723 940
673 118
882 16
882 146
882 468
882 865
910 355
910 920
49 31
49 300
49 121
49 312
49 275
49 912
49 716
49 557
638 82
638 627
638 635
638 639
638 641
638 651
638 654
638 656
638 660
638 663
703 35
703 761
703 880
39 42
39 50
39 53
39 63
39 107
39 382
39 705
39 181
39 618
39 81
39 183
853 206
853 224
853 539
762 14
762 784
889 85
889 906
414 14
414 413
414 415
414 418
414 423
414 426
414 432
414 434
414 928
414 454
414 813
759 14
759 95
759 741
759 756
759 767
759 769
759 771
759 774
759 777
759 781
759 783
759 867
692 180
322 14
322 345
322 779
322 693
494 513
494 544
693 14
693 706
693 709
693 711
693 716
693 718
693 928
908 467
908 740
908 751
908 920
40 26
40 31
40 36
40 42
40 51
40 53
40 60
40 65
40 219
40 488
547 15
547 36
547 96
547 183
547 333
547 536
547 539
547 543
547 546
547 549
547 555
547 558
547 564
547 566
547 568
547 571
903 230
903 514
903 706
903 734
903 893
903 906
903 921
903 924
903 926
903 928
904 886
904 889
904 897
904 900
904 911
904 914
904 916
904 918
904 921
904 924
904 929
904 908
773 15
773 762
773 765
773 770
773 776
773 779
773 781
773 784
773 793
773 798
773 948
773 853
315 146
406 42
406 394
406 408
406 413
406 415
406 418
406 423
406 426
406 430
406 540
406 835
406 558
406 702
406 590
236 26
236 219
236 224
236 235
236 237
236 242
236 248
236 251
236 256
236 258
236 260
236 898
236 752
236 407
236 448
380 313
694 187
694 190
694 329
694 487
694 672
694 673
694 689
694 707
694 715
694 717
694 733
942 951
497 473
497 503
497 511
497 514
497 878
497 555
497 557
497 727
497 764
197 187
197 920
197 509
474 476
474 482
474 484
474 487
474 493
474 567
474 507
474 810
474 965
157 423
41 42
41 51
41 54
41 56
41 58
41 61
41 63
41 66
41 590
41 619
41 882
41 579
41 383
41 194
41 648
41 895
41 445
106 130
106 158
937 522
937 951
937 961
937 981
613 611
613 635
613 776
447 31
114 293
114 635
114 211
114 482
114 614
460 16
460 476
460 478
460 481
460 484
460 826
460 567
460 903
460 571
460 511
460 488
460 761
460 896
270 280
270 285
270 288
270 292
270 294
270 935
270 315
270 871
270 542
270 601
944 16
944 352
944 436
944 523
944 950
551 261
675 897
675 787
382 327
933 17
933 558
933 920
933 921
933 934
933 951
933 957
933 985
707 17
707 358
707 369
707 439
707 551
707 552
707 724
707 731
574 17
340 50
340 135
340 339
340 341
340 347
340 352
340 357
340 365
340 425
340 597
340 740
179 17
869 487
869 855
869 876
792 42
792 118
599 916
821 53
821 121
601 82
601 277
584 163
857 565
857 865
857 881
857 903
201 186
201 219
201 533
201 506
272 291
272 295
272 402
272 432
272 834
272 481
272 693
272 836
272 675
523 122
523 187
701 239
701 430
701 513
701 582
701 724
787 77
787 91
787 253
787 323
787 667
787 765
787 772
787 776
787 781
787 784
787 793
787 798
787 800
787 807
787 811
482 121
941 436
941 929
941 934
941 942
941 949
941 954
941 957
941 959
941 963
941 965
89 111
89 113
89 436
89 229
89 191
89 553
89 723
89 237
89 540
89 301
89 257
89 755
571 187
571 711
586 85
586 261
586 266
586 606
586 617
328 321
328 339
328 341
328 345
328 348
328 350
328 701
328 916
328 562
328 332
328 530
964 397
504 196
504 503
504 508
504 512
504 523
504 629
769 53
769 760
769 762
769 784
769 793
247 237
247 942
286 306
286 351
227 239
395 232
395 404
395 408
395 417
395 419
395 930
395 737
395 426
395 581
395 511
789 20
789 43
789 332
789 354
789 513
789 564
789 580
789 645
789 765
789 769
789 772
789 777
789 779
789 784
789 792
789 794
789 796
789 801
789 804
789 806
789 809
789 814
789 895
472 456
472 459
472 482
472 484
472 749
472 743
472 831
472 654
472 735
213 20
213 199
213 217
213 219
213 230
213 236
213 238
213 940
213 422
213 525
213 268
213 222
213 678
213 279
213 649
232 251
891 20
891 897
891 899
891 909
891 912
891 914
891 916
891 937
223 237
223 313
223 443
223 818
223 987
223 297
449 20
449 214
449 348
449 442
449 445
449 464
449 565
540 523
540 533
540 535
540 536
540 538
540 541
540 545
540 548
540 551
540 554
540 558
540 560
540 872
540 620
540 745
540 931
540 666
338 20
338 326
338 340
338 344
338 347
338 351
338 353
338 355
338 357
338 360
338 379
338 936
338 403
338 723
660 155
541 64
541 239
541 301
850 190
850 515
850 562
850 837
850 867
850 869
850 871
850 873
611 95
611 445
611 600
611 606
611 635
517 66
517 96
517 357
517 528
517 534
517 537
517 539
517 782
517 995
517 893
517 962
320 75
320 128
320 303
320 306
320 311
320 318
320 319
320 321
320 325
320 328
320 331
320 339
320 343
320 795
320 946
320 645
320 763
320 657
320 730
320 498
464 528
729 341
729 350
729 496
729 565
729 715
729 733
729 738
729 741
729 753
729 801
198 130
198 180
198 186
198 199
198 204
198 213
198 216
198 219
198 222
198 832
198 270
198 449
198 961
47 222
610 103
610 168
610 306
610 387
379 64
379 355
379 391
379 399
379 401
379 427
379 491
379 967
828 28
828 277
828 303
828 363
728 433
728 626
728 731
728 793
851 22
851 592
851 839
851 841
851 852
851 855
851 857
851 859
851 861
851 863
851 865
851 868
851 870
851 872
851 874
851 967
548 552
548 563
548 566
548 568
548 571
548 971
548 874
548 836
122 121
122 147
718 22
718 192
718 342
718 707
718 709
718 715
718 728
718 738
718 933
718 946
48 63
48 795
48 905
48 411
48 808
48 245
440 26
440 163
440 464
400 415
400 417
400 423
400 528
400 836
546 134
546 552
546 555
546 558
546 563
546 567
529 543
529 547
529 550
529 552
529 900
529 852
529 769
285 271
285 301
285 303
285 306
285 428
500 487
500 493
500 508
500 511
500 514
500 518
500 524
500 721
500 694
786 790
786 800
786 803
455 227
455 463
455 473
455 587
455 528
674 948
259 237
259 271
259 278
259 686
259 365
259 853
281 186
281 301
281 303
281 870
439 90
439 426
817 350
817 822
817 837
817 839
817 876
642 250
642 651
642 653
642 655
642 657
642 659
642 663
642 666
642 904
642 792
642 797
245 256
245 261
245 270
245 395
245 730
245 428
245 778
848 104
848 126
848 425
848 464
848 868
848 872
307 321
307 326
307 329
307 331
307 532
307 941
307 644
307 991
307 847
967 189
831 25
419 130
419 410
419 420
419 424
419 426
419 428
419 433
419 440
419 562
419 656
419 567
446 25
446 121
446 811
446 755
159 163
159 166
159 177
159 183
78 64
78 80
78 85
78 88
78 90
78 95
78 101
78 752
78 369
78 510
78 292
78 718
78 121
78 110
734 132
734 341
734 482
734 751
734 755
734 803
459 25
390 397
390 402
390 405
390 408
390 412
390 414
390 574
390 844
390 919
435 426
435 442
435 445
435 447
435 450
435 453
435 455
435 460
435 534
435 620
435 734
435 668
139 159
139 161
139 880
139 972
139 813
139 518
362 26
362 347
362 365
362 378
362 380
362 382
362 386
362 473
362 932
362 679
362 520
570 555
570 558
570 580
570 582
570 588
570 592
570 733
343 26
343 37
343 341
343 350
343 352
343 354
343 357
343 367
343 793
343 394
371 26
371 381
371 394
702 690
702 722
702 724
702 831
740 26
740 181
740 189
740 608
288 26
51 31
533 555
300 301
300 303
300 311
300 313
300 317
300 320
300 324
300 844
300 619
300 865
300 481
300 912
670 117
670 222
670 268
670 654
670 656
670 660
670 673
670 680
670 684
670 687
670 690
670 695
125 86
125 140
125 143
125 147
125 382
125 886
125 369
125 347
125 864
125 941
948 60
948 70
948 105
948 122
948 261
948 415
948 518
948 567
948 630
948 951
948 970
948 973
912 179
912 313
912 922
912 925
912 927
912 932
912 935
912 991
963 268
963 381
963 961
963 965
963 968
963 971
963 974
963 976
963 978
963 982
963 984
963 987
91 66
91 90
715 72
715 299
53 31
310 206
310 313
310 316
310 319
310 321
310 327
310 333
310 625
310 337
310 606
536 28
536 116
536 552
536 555
402 206
402 426
256 303
652 28
652 43
652 64
652 124
652 191
652 227
652 285
652 382
652 677
577 592
577 602
577 980
577 827
250 31
427 415
427 417
427 426
427 428
427 430
427 439
427 451
822 809
687 673
687 677
840 513
840 843
840 848
840 851
840 853
840 855
840 858
840 860
840 865
840 891
771 781
771 792
771 794
148 163
148 165
148 167
148 170
148 173
148 907
148 548
148 878
148 183
962 911
962 938
962 940
962 950
962 964
962 966
962 968
962 980
962 982
962 984
962 987
649 660
649 664
649 667
649 669
649 671
649 673
649 820
649 900
543 85
543 617
543 653
777 261
777 352
777 493
777 765
777 769
777 776
777 781
777 784
777 792
777 794
777 798
777 800
154 274
154 358
154 243
154 517
282 306
282 358
282 345
431 415
431 417
431 434
431 437
431 440
431 447
431 449
431 452
431 456
431 613
431 781
431 741
431 562
150 31
150 355
150 711
150 553
883 50
883 547
883 592
883 659
883 879
883 881
883 885
883 888
883 890
883 892
883 895
883 897
883 900
883 903
883 906
883 933
780 35
780 794
780 800
780 804
780 830
56 31
56 52
56 80
56 655
56 883
56 869
56 223
56 340
442 187
442 294
790 31
790 134
594 459
594 598
594 601
594 603
594 606
594 609
594 612
594 614
594 617
594 767
594 654
594 918
940 31
940 938
940 964
847 31
847 355
847 663
847 869
847 871
847 910
57 80
57 203
57 103
57 379
57 592
717 74
717 711
75 66
767 784
767 790
58 116
737 447
737 724
737 731
737 736
737 740
737 744
737 746
737 748
737 750
737 752
737 755
737 757
737 760
737 762
655 219
655 654
655 668
655 672
655 676
655 678
655 866
655 952
545 371
545 543
545 549
545 554
545 556
545 559
545 562
545 565
545 570
545 931
545 850
545 938
393 418
393 533
393 760
393 918
393 946
393 738
583 582
583 769
583 672
583 765
560 54
560 217
560 582
560 829
560 868
456 186
671 222
671 382
671 608
671 661
671 663
671 672
671 676
671 678
671 682
671 687
671 692
671 777
671 714
671 822
788 37
788 104
788 331
788 399
788 578
788 597
788 692
788 790
788 793
788 800
788 951
534 169
534 191
534 348
534 541
534 543
534 546
534 551
534 553
534 556
534 559
534 668
534 613
534 684
276 301
276 410
736 228
736 760
146 121
146 130
146 166
240 231
240 250
240 257
240 263
240 332
240 480
713 240
713 350
713 692
713 731
713 816
528 155
528 280
528 552
623 512
623 645
392 35
392 381
392 678
392 620
261 237
61 43
61 75
61 77
61 79
61 82
61 84
61 500
61 212
61 639
61 138
61 841
61 211
758 189
758 209
758 512
758 748
758 749
758 753
758 776
758 930
211 235
211 512
211 257
211 267
211 723
458 36
458 118
458 164
458 451
458 456
458 459
458 463
458 481
458 483
458 820
458 819
458 516
458 525
458 503
824 808
824 809
824 828
824 831
824 834
824 836
824 839
824 842
824 845
824 848
829 635
829 808
829 813
829 844
829 846
829 852
332 339
689 673
689 677
205 562
205 606
205 360
205 581
819 85
819 177
819 801
819 805
819 806
819 811
819 812
819 813
819 816
819 818
819 820
819 822
819 824
819 826
819 828
819 830
819 833
819 839
819 980
145 150
145 152
145 155
145 157
145 159
145 161
145 166
145 169
145 525
145 569
145 608
145 675
145 319
145 506
145 509
93 86
93 95
93 107
93 111
93 117
93 187
93 256
93 296
93 559
93 923
93 299
93 431
93 515
834 251
834 422
834 464
834 482
834 814
834 837
834 852
834 856
834 859
834 877
834 924
806 37
806 96
806 234
806 807
806 810
806 815
806 818
806 820
806 822
806 825
806 827
806 829
806 839
538 177
538 533
538 544
538 546
538 551
538 553
538 555
538 557
538 559
538 563
538 780
538 985
443 37
443 209
443 321
443 454
443 456
443 459
443 463
443 465
443 468
443 820
443 762
144 152
144 154
144 156
144 158
144 160
144 162
144 164
144 168
144 745
144 661
144 615
144 967
680 387
680 677
394 37
697 42
697 129
697 721
697 779
697 815
469 316
469 456
469 459
469 473
469 487
469 489
469 723
721 159
721 227
721 724
650 654
650 663
650 666
650 673
650 722
745 80
745 760
107 121
475 473
475 476
475 488
475 490
475 494
475 500
475 966
475 845
475 868
475 990
181 177
181 187
181 189
181 191
181 195
181 204
181 206
491 313
491 496
491 500
491 503
491 505
491 515
491 910
491 908
491 521
491 887
618 600
618 603
618 606
618 619
618 621
618 623
618 625
618 627
618 629
618 631
618 633
618 637
618 639
618 642
618 655
618 928
377 365
377 368
377 371
377 376
377 379
377 382
377 387
377 389
377 393
377 397
377 399
377 402
377 593
377 626
377 881
377 907
81 90
81 100
81 104
81 689
81 471
81 670
81 237
81 150
81 930
924 906
924 920
924 934
924 938
172 163
172 166
172 177
172 180
172 191
172 196
172 347
172 969
172 348
522 255
522 456
522 572
768 40
768 178
768 276
768 495
768 606
768 765
768 770
768 775
768 777
768 779
768 783
768 787
768 790
768 793
768 972
768 948
936 318
936 454
936 477
936 656
936 920
936 929
936 938
936 942
936 947
936 949
936 952
936 954
936 957
936 960
747 58
747 724
747 731
747 736
747 740
747 761
747 765
747 769
747 772
747 984
747 948
488 60
488 476
897 514
566 552
566 574
566 578
566 581
566 584
566 591
590 191
590 306
590 574
590 580
590 581
590 584
590 587
590 598
590 601
590 604
590 608
590 610
590 739
619 428
619 630
619 634
619 643
619 893
619 674
360 368
360 370
360 372
360 375
360 381
360 383
360 385
360 446
360 737
360 854
579 951
383 65
383 401
383 405
383 407
383 758
383 765
383 939
383 776
194 186
194 189
194 191
194 204
194 212
194 217
194 427
194 352
194 619
194 478
194 281
194 776
973 995
973 997
648 654
648 656
648 660
648 673
951 182
951 563
895 525
895 567
666 673
666 690
193 187
193 204
193 364
193 814
193 824
193 394
730 42
730 43
730 511
730 731
730 738
730 744
730 749
730 755
730 781
730 772
385 395
385 397
385 399
385 401
385 403
385 405
385 408
385 900
385 795
385 933
385 849
385 420
437 42
437 459
437 578
437 489
775 597
775 753
775 754
775 755
775 756
775 758
775 759
775 760
775 762
775 767
775 770
775 771
775 774
775 778
775 782
775 785
775 787
775 792
775 794
775 796
775 798
775 930
820 42
820 60
820 345
820 597
820 800
468 42
468 417
468 447
468 463
468 476
468 487
468 489
468 617
527 42
527 234
527 442
527 513
527 523
527 533
527 539
527 549
527 551
486 186
486 463
486 473
486 488
486 494
486 496
486 505
486 507
486 510
486 582
486 676
486 821
486 786
486 644
626 43
149 51
149 171
149 760
149 863
149 355
312 586
312 584
581 74
581 582
581 603
711 692
624 50
624 90
624 626
624 639
624 641
624 643
624 647
624 976
624 892
624 828
424 426
596 257
596 484
596 600
596 606
596 608
596 615
596 617
596 619
596 790
596 915
596 815
639 189
77 86
961 174
961 242
961 305
961 951
274 271
274 277
274 280
274 291
274 293
274 295
274 299
274 858
274 974
274 735
274 303
274 462
274 912
954 613
954 701
954 964
954 966
954 969
578 117
578 410
578 574
71 431
71 502
71 123
71 604
249 231
249 239
249 248
249 251
249 256
249 266
249 268
249 273
249 805
249 877
249 575
249 403
249 670
249 413
796 552
796 580
796 915
434 423
434 430
434 433
434 439
434 445
434 447
434 451
434 459
434 466
632 151
632 204
632 611
632 626
632 628
632 634
632 643
632 645
632 647
632 651
632 654
632 656
632 800
632 828
632 931
632 863
632 833
632 817
950 64
950 66
950 159
950 319
950 641
950 929
950 934
950 951
867 464
867 853
867 858
867 860
867 869
867 876
867 886
867 892
867 897
412 394
412 420
412 422
412 424
412 426
412 428
412 430
412 432
412 544
412 632
412 996
408 415
408 417
408 426
408 428
408 430
408 433
408 528
932 47
932 171
932 256
932 376
932 402
932 431
932 489
932 518
932 519
932 755
932 916
932 918
932 934
932 938
932 951
558 381
558 451
558 552
558 555
127 121
127 133
127 135
127 137
127 139
127 142
127 145
127 147
127 149
127 151
127 495
127 923
127 857
127 364
409 394
409 402
409 410
409 418
409 420
409 422
409 425
409 427
409 432
337 339
337 525
337 825
612 630
612 634
612 636
612 644
612 747
612 928
520 235
520 459
520 508
520 513
520 523
520 531
520 535
520 537
520 541
520 545
520 958
520 599
520 691
757 410
757 781
757 958
757 959
809 420
809 790
743 555
743 765
743 767
208 187
208 204
208 224
208 232
208 422
208 312
208 976
208 516
208 847
208 275
795 792
795 793
795 798
795 800
795 803
795 805
795 810
795 812
795 814
795 817
795 938
795 895
905 346
905 415
905 892
905 895
905 917
905 921
905 923
905 925
905 929
411 82
411 402
411 414
411 418
411 420
411 422
411 424
411 426
411 428
411 436
411 614
411 541
411 889
411 862
808 355
356 352
356 354
356 365
356 372
356 376
356 378
356 381
356 445
356 679
356 724
356 623
695 51
695 368
695 580
695 893
695 957
471 473
471 645
471 952
275 522
275 813
716 52
716 88
716 222
716 347
716 660
716 730
716 733
716 740
557 64
557 352
557 556
557 558
557 574
557 609
141 910
141 417
141 332
436 50
436 608
915 918
915 930
915 932
915 934
915 938
641 86
866 50
866 104
866 138
866 391
866 431
866 609
866 751
866 844
866 856
866 868
866 871
866 877
866 880
866 882
866 887
866 890
243 251
243 256
243 259
243 261
243 265
243 885
243 577
243 508
243 646
243 285
668 660
668 666
668 673
668 682
668 686
668 690
668 692
668 938
835 587
835 844
835 847
835 849
835 852
835 856
835 859
970 230
970 472
970 476
970 613
970 660
970 950
970 951
970 964
970 965
970 967
970 968
970 991
970 993
524 51
754 51
754 641
754 745
754 748
754 749
754 755
754 760
754 762
754 774
754 776
76 323
608 251
608 329
844 860
844 865
844 868
297 319
297 321
297 637
297 503
297 614
297 576
772 52
772 422
772 781
772 784
686 124
686 549
686 690
351 88
351 339
351 375
351 556
351 643
351 423
958 231
958 951
958 979
958 981
958 959
169 192
825 53
825 424
825 592
825 814
825 815
825 839
825 846
825 848
825 850
825 952
438 423
438 451
438 456
438 625
438 733
438 682
438 633
79 63
79 155
79 741
79 238
535 549
535 551
535 555
535 561
535 707
535 720
291 303
291 313
291 315
291 375
291 408
291 319
872 700
872 893
872 897
572 555
398 64
398 402
398 407
398 409
398 413
398 415
398 418
398 420
398 423
398 716
398 630
398 835
398 773
794 256
794 784
794 790
794 814
794 818
919 75
919 204
919 910
919 918
919 921
919 930
919 932
919 935
919 941
919 943
137 128
137 129
137 130
137 146
137 152
137 154
137 157
137 159
137 268
137 506
137 872
137 309
137 806
137 250
279 345
279 423
279 326
279 544
123 119
123 120
123 124
123 127
123 131
123 135
123 137
123 141
123 144
123 148
123 460
123 814
123 596
123 338
123 506
123 319
123 364
935 134
935 365
935 815
935 938
959 942
959 952
959 956
959 965
959 968
959 974
959 976
959 978
959 980
959 969
526 531
526 551
526 782
526 965
526 888
526 753
637 347
637 430
637 625
637 626
637 634
637 638
637 640
637 643
637 645
637 647
637 650
637 652
637 656
637 658
637 660
637 758
637 774
637 864
203 64
203 436
592 660
622 347
622 600
622 606
622 617
622 621
622 625
622 627
622 630
622 637
622 642
622 646
622 866
622 794
267 63
267 271
267 284
267 286
267 288
267 463
267 294
267 781
267 908
325 75
325 321
325 332
325 340
325 342
325 344
325 347
325 350
325 769
325 380
325 724
816 67
816 818
816 836
816 839
816 841
83 63
83 90
83 178
83 142
84 107
84 266
84 342
84 622
84 890
84 901
925 91
925 582
925 663
925 929
925 932
925 934
925 941
925 944
925 947
925 953
647 90
647 660
647 672
388 519
388 858
388 676
388 944
388 886
388 794
388 660
212 237
902 168
902 501
902 770
902 910
902 913
902 915
902 918
902 920
902 923
902 926
902 976
634 645
87 80
87 85
87 88
87 91
87 94
87 99
87 104
87 106
87 109
87 451
87 418
87 882
87 663
87 589
87 746
87 148
470 62
470 447
470 476
470 493
470 716
470 940
873 132
873 217
873 572
873 591
873 627
873 667
873 853
873 856
873 862
873 865
873 869
873 871
873 872
873 876
873 882
873 887
873 889
873 895
873 897
797 171
797 790
797 808
797 813
797 817
797 820
797 822
725 715
725 741
725 749
725 754
725 916
452 63
452 447
452 459
452 473
452 592
845 837
845 865
152 884
152 765
625 63
625 558
625 617
625 641
918 95
918 323
918 525
918 893
918 938
173 635
173 314
173 961
173 736
173 576
173 569
173 456
173 180
173 499
815 645
815 656
815 800
815 808
854 64
854 371
854 852
854 853
854 856
854 859
854 862
854 865
854 869
854 871
854 874
854 877
854 913
672 102
801 100
885 64
885 346
885 523
885 607
885 697
885 818
885 865
885 869
885 876
885 889
885 893
885 896
885 898
885 900
885 904
885 906
885 908
885 910
699 323
699 442
699 692
699 721
699 724
699 879
791 65
791 276
791 507
791 793
791 797
791 803
791 806
791 808
791 810
791 813
791 815
791 863
791 983
791 874
595 998
595 770
220 219
220 222
220 224
220 228
220 230
220 238
220 240
220 242
220 245
220 965
220 992
220 784
220 568
220 643
483 503
483 506
483 826
483 866
225 239
225 250
496 66
481 433
481 456
481 459
481 476
481 499
481 502
481 504
481 506
481 674
481 912
532 430
532 544
532 555
532 969
532 668
532 739
532 840
373 66
373 277
373 354
373 365
373 391
373 731
373 954
153 163
153 177
153 955
153 763
153 483
153 200
598 66
598 122
598 155
598 250
318 332
318 339
318 341
318 371
318 639
318 865
682 66
682 212
682 285
682 673
682 677
365 66
296 316
296 796
296 690
296 641
296 429
296 441
484 88
484 95
484 237
484 463
484 473
943 949
943 961
943 963
943 965
943 967
943 972
403 401
403 402
403 404
403 407
403 414
403 416
403 418
403 420
403 423
403 426
403 428
403 599
403 664
403 727
403 572
228 231
509 185
509 206
509 523
509 525
509 527
509 530
509 533
509 598
509 861
509 749
509 801
165 163
165 164
165 166
165 168
165 174
165 176
165 178
165 180
165 183
165 348
165 821
165 897
165 956
165 420
165 578
165 928
864 69
864 116
864 858
864 868
864 874
864 876
864 878
864 881
864 883
864 885
864 888
901 69
901 86
901 496
901 916
901 918
901 920
901 922
168 69
827 837
827 839
827 841
827 843
827 845
827 872
94 80
94 119
498 168
498 868
498 534
498 627
498 635
498 663
498 551
363 339
363 355
363 357
576 555
576 556
576 582
576 586
576 588
576 590
576 594
576 596
576 599
576 601
576 610
576 720
576 819
178 187
178 221
178 261
778 677
778 777
778 779
778 784
778 787
778 790
778 793
778 797
778 801
778 984
778 900
778 922
502 77
502 482
502 503
502 507
502 514
502 518
502 525
502 539
502 687
502 818
480 277
480 473
480 482
480 487
480 489
480 493
480 495
480 567
480 528
516 433
516 539
264 439
264 996
264 768
264 587
97 80
97 86
97 88
97 90
97 92
97 95
97 119
97 122
97 804
97 957
97 498
97 839
97 324
97 719
97 572
97 749
710 95
710 687
710 690
710 700
710 703
710 704
710 709
710 714
710 716
710 718
710 720
710 722
710 724
710 727
710 730
710 733
710 735
710 951
710 827
719 501
719 724
719 728
719 730
719 734
719 738
719 740
719 743
719 868
99 119
99 121
99 426
706 128
706 700
706 727
706 731
706 797
542 531
542 544
542 549
542 551
542 556
881 304
881 428
881 643
881 803
881 813
881 841
881 858
881 860
881 871
881 877
881 886
881 891
881 893
881 897
881 900
881 905
881 957
722 463
722 507
764 769
764 771
764 776
764 784
764 786
764 925
764 960
104 121
378 85
378 88
215 224
215 237
215 239
215 846
215 959
215 985
215 379
215 784
863 151
863 327
863 335
863 426
863 817
863 839
863 862
863 878
863 882
863 886
863 912
389 121
389 365
389 391
389 397
389 758
389 477
389 715
946 942
946 962
946 964
946 969
946 971
537 513
537 521
537 524
537 529
537 530
537 532
537 538
537 541
537 543
537 545
537 547
537 550
537 552
537 555
537 557
537 559
537 561
537 918
210 187
210 204
210 217
210 219
210 232
210 782
210 309
210 288
210 559
210 295
210 313
210 697
752 88
752 199
752 225
752 371
752 427
752 741
752 753
752 758
752 760
752 762
752 765
752 767
752 769
752 771
752 774
752 777
369 437
510 135
510 496
510 531
510 803
510 553
244 219
244 231
244 237
244 250
244 260
244 263
244 265
244 267
244 269
244 875
244 356
244 953
244 797
244 902
292 676
292 845
292 799
292 752
292 868
739 224
739 744
739 748
739 752
739 754
739 756
739 760
739 762
739 764
739 780
739 866
506 992
506 568
506 897
741 186
741 672
105 119
105 121
105 124
105 130
105 611
105 226
587 80
587 130
587 574
587 582
372 352
372 381
372 397
372 796
372 887
372 694
372 589
372 556
372 587
372 546
372 582
192 204
192 206
192 212
192 214
192 219
591 80
591 623
922 494
922 906
922 930
922 938
514 158
514 396
514 549
501 352
501 387
501 513
501 523
501 539
501 587
501 546
108 500
108 686
108 164
108 996
108 955
108 926
207 231
207 237
207 791
207 477
207 937
207 585
744 762
744 765
955 174
955 183
955 938
955 971
955 973
955 975
955 977
955 979
955 992
342 339
621 135
621 639
621 641
621 646
621 702
621 653
621 758
720 106
720 514
720 536
720 731
720 742
720 857
890 219
890 893
890 909
890 915
629 762
561 98
561 401
561 552
561 581
561 586
561 820
561 731
561 627
167 191
167 333
167 727
167 502
868 865
664 86
696 476
696 558
696 672
696 673
696 677
696 680
696 715
696 731
112 118
112 121
112 124
112 130
112 132
112 257
112 250
112 424
112 240
112 645
112 233
663 109
860 347
860 865
589 604
589 606
589 611
589 613
589 919
589 785
589 972
589 645
589 742
589 694
746 134
746 447
746 715
746 727
746 760
746 769
746 771
746 888
746 793
562 555
562 556
562 580
562 587
913 279
913 285
913 357
913 547
913 617
913 906
913 921
913 923
913 929
913 933
913 936
761 88
761 402
761 447
761 753
761 755
761 756
761 762
761 764
761 766
761 768
761 771
761 773
761 775
761 777
761 781
761 783
761 785
761 794
113 134
113 580
113 427
229 204
229 222
229 225
229 236
229 239
229 241
229 243
229 246
229 249
229 251
229 254
229 816
229 969
229 390
265 287
265 645
265 449
265 493
265 875
265 890
755 261
755 339
115 116
115 124
115 130
115 170
115 593
263 237
263 315
878 90
878 184
878 543
878 583
909 90
909 180
909 339
909 906
909 930
909 932
909 934
230 231
230 251
230 257
521 92
521 518
521 528
521 536
521 538
521 540
521 542
521 544
521 943
521 752
521 900
550 572
550 953
550 753
341 92
341 321
477 459
477 495
477 502
477 721
477 756
477 561
477 490
974 233
974 571
974 722
974 952
974 956
974 964
974 968
974 969
559 556
559 557
559 562
559 565
559 567
559 572
559 581
559 583
559 890
559 729
661 195
661 654
661 672
661 677
923 257
923 527
923 543
923 643
923 938
923 951
299 313
299 315
299 319
299 321
515 809
432 426
432 456
330 95
330 339
330 345
330 351
330 353
330 355
330 375
330 526
330 594
330 478
812 420
812 605
812 738
812 800
812 808
812 821
812 829
812 831
812 835
812 866
812 883
234 250
444 129
444 303
444 426
444 430
444 432
444 445
444 449
444 451
444 453
444 455
444 459
444 467
444 571
444 689
952 96
952 358
952 801
856 161
856 831
856 837
856 853
856 862
856 865
698 673
698 677
698 700
698 714
698 716
698 719
698 721
698 858
698 920
804 790
804 793
804 800
804 808
804 813
804 815
804 817
804 821
804 823
804 827
804 860
957 536
957 581
957 938
957 944
957 964
732 402
732 711
732 715
732 741
732 745
732 751
732 753
839 352
839 357
839 381
839 580
324 392
749 183
749 191
749 760
749 772
479 456
479 459
479 493
479 495
479 501
479 503
479 508
479 510
479 661
479 947
479 834
479 580
410 417
410 426
255 278
255 280
972 731
972 964
763 410
763 501
763 748
763 749
763 762
763 765
763 775
763 778
763 780
763 784
763 805
763 792
802 224
802 276
802 781
802 790
802 793
802 800
802 808
802 816
802 818
802 820
802 822
802 825
802 827
802 912
413 459
519 237
519 397
519 524
519 542
519 584
519 844
704 690
704 692
190 187
190 199
190 214
190 480
190 231
826 103
826 314
826 326
826 711
826 784
826 821
826 822
826 828
826 831
826 836
826 843
826 845
826 850
826 970
826 981
865 103
865 158
865 228
865 352
865 584
865 650
938 313
830 104
830 826
830 831
830 833
830 835
830 839
830 842
830 844
830 848
830 850
830 852
830 855
898 897
898 922
898 982
569 130
569 556
569 572
569 576
569 578
569 581
569 584
569 587
569 589
569 592
569 650
569 859
569 738
569 783
358 339
131 253
131 721
131 766
131 500
133 134
133 137
133 139
133 141
133 145
133 148
133 150
133 152
133 155
133 776
133 940
133 372
133 440
133 893
133 493
133 738
726 147
726 161
726 722
726 724
726 725
726 728
726 731
726 734
726 738
726 745
726 750
726 792
726 852
657 574
657 641
657 669
657 672
657 675
657 677
657 679
657 682
302 326
302 361
659 107
659 163
659 672
461 186
461 459
461 478
461 480
461 484
461 797
461 715
461 914
859 749
859 856
859 860
859 862
859 865
859 868
859 877
859 880
859 882
859 884
156 151
156 161
156 164
156 166
156 181
156 232
156 391
156 560
156 228
156 499
156 415
156 302
926 786
926 910
926 916
926 924
926 929
926 950
134 164
134 348
134 180
235 251
235 261
334 313
334 316
334 321
334 339
334 352
334 354
334 605
334 882
334 563
931 161
931 546
931 736
931 906
931 920
931 921
931 930
931 943
931 948
931 950
931 952
931 998
871 354
871 418
871 423
871 855
871 862
871 865
871 897
783 136
783 147
783 251
783 760
783 781
783 793
783 801
783 807
887 237
887 346
887 836
887 862
887 893
887 910
580 456
580 555
580 574
311 303
311 321
311 327
311 387
614 181
614 199
614 597
614 598
614 603
614 617
614 623
614 625
614 629
614 634
614 636
614 639
614 834
140 479
140 693
140 209
170 186
170 899
170 892
170 784
170 484
170 869
665 116
665 654
665 659
665 666
665 672
665 677
665 682
665 688
665 775
665 870
665 810
960 180
960 404
960 950
960 983
960 985
921 938
462 118
462 463
462 484
462 487
462 650
462 633
462 608
462 796
731 118
217 231
407 119
407 417
407 420
407 422
407 427
407 432
407 600
407 455
813 120
813 163
813 790
314 121
314 339
953 121
953 232
953 253
953 496
953 713
953 767
953 929
953 932
953 935
953 938
953 949
953 951
953 956
953 958
953 960
953 962
953 966
953 968
953 972
953 975
953 977
188 177
188 183
188 189
188 192
188 213
188 450
188 470
188 316
188 499
188 200
814 256
329 339
329 354
364 383
364 386
364 388
364 724
364 502
364 885
364 432
884 124
884 345
884 882
884 890
884 892
884 895
884 897
884 899
884 901
884 905
884 907
884 992
928 326
928 557
928 929
928 940
928 944
928 946
928 949
928 956
585 128
585 563
585 567
585 581
585 591
585 597
585 602
585 604
585 606
585 608
585 709
585 818
585 792
374 129
374 146
374 363
374 368
374 375
374 378
374 381
374 386
374 390
374 392
374 394
374 397
374 399
374 852
374 870
258 231
258 239
258 271
258 278
258 280
258 282
258 621
384 493
384 978
384 920
384 466
384 694
457 391
457 481
457 543
457 661
976 343
976 378
976 467
976 897
976 967
976 968
976 972
976 974
976 982
976 984
976 991
976 996
976 999
605 617
605 626
605 635
174 177
174 183
174 187
174 195
174 347
366 354
366 372
366 374
366 378
366 380
366 382
366 385
366 387
366 390
366 673
366 588
366 592
366 986
875 876
875 886
875 890
875 892
875 897
875 900
969 135
969 303
969 442
965 135
965 466
965 473
965 610
965 611
965 615
965 952
184 187
184 204
184 206
184 209
184 335
184 611
333 357
367 381
367 387
367 391
880 855
880 868
880 869
880 897
880 900
880 905
880 934
880 918
588 597
588 603
588 610
832 837
779 439
779 557
779 769
779 772
779 783
779 792
779 800
779 803
209 186
209 199
209 206
209 214
209 219
209 224
209 426
567 574
631 195
631 321
631 617
631 622
631 624
631 625
631 627
631 630
631 633
631 635
631 639
631 641
631 643
631 648
631 652
631 655
631 757
631 891
631 782
631 725
945 585
945 688
945 929
945 950
945 959
945 961
945 963
945 967
945 970
896 499
896 728
896 876
896 929
877 315
877 343
877 853
877 862
877 869
877 876
877 882
877 886
877 892
735 146
735 921
552 555
552 574
852 237
714 728
714 732
714 735
714 737
714 739
714 859
714 996
838 242
838 820
838 821
838 834
838 836
838 839
838 842
838 844
838 846
838 848
838 850
838 854
838 856
838 860
838 862
838 998
176 187
765 781
441 423
441 426
441 433
441 442
441 447
441 456
441 458
441 462
441 464
441 934
441 498
441 690
654 155
654 196
654 266
799 157
799 420
799 781
799 790
799 823
799 878
799 887
799 866
640 639
640 641
640 646
640 649
640 651
640 654
640 656
640 660
640 662
640 664
640 666
640 783
503 523
708 168
708 369
708 687
708 689
708 690
708 729
708 732
708 855
708 908
416 355
416 423
416 430
416 432
416 914
416 912
416 748
416 559
810 163
810 284
810 800
810 808
810 813
810 820
810 822
810 832
810 922
906 617
465 473
465 482
465 484
465 488
465 490
465 844
465 638
727 176
727 253
636 648
636 650
636 652
636 659
636 755
636 664
811 168
811 180
811 271
811 790
811 813
811 818
811 820
811 836
669 169
669 309
669 686
669 688
669 690
669 706
669 748
892 410
892 513
892 697
892 756
855 445
246 271
246 273
246 383
774 277
774 432
774 781
774 790
920 176
920 523
920 628
381 319
879 858
879 862
879 865
879 876
879 877
879 886
879 888
879 890
879 892
879 895
879 898
879 900
879 903
888 183
888 209
888 507
888 828
888 876
888 896
888 899
888 901
888 903
888 906
888 908
888 910
888 912
888 983
478 228
478 473
478 476
478 494
478 502
478 765
478 839
478 909
478 785
478 984
564 790
564 628
357 196
421 430
421 432
421 437
421 440
421 442
421 444
421 446
421 769
421 543
421 668
421 857
421 678
858 792
858 837
858 855
823 271
823 358
823 603
823 690
823 696
823 722
823 800
823 813
823 814
823 822
467 516
709 204
733 661
733 709
733 731
386 394
386 396
386 408
386 410
386 777
252 237
252 268
252 271
252 273
252 277
252 336
252 669
252 300
252 733
252 757
252 835
252 341
949 930
949 938
269 271
269 623
278 303
934 303
934 335
934 641
934 694
742 749
742 757
742 761
742 764
742 766
742 947
900 488
900 709
900 828
628 639
628 641
628 645
628 653
628 654
681 423
681 660
681 679
681 683
681 685
681 687
681 689
681 692
681 695
681 697
681 699
681 701
681 705
681 827
681 860
304 319
304 326
894 557
894 876
894 893
894 897
894 899
894 903
894 905
894 907
894 909
894 911
894 913
894 915
894 917
894 964
753 313
753 363
677 319
