0 95
0 56
0 13
1 97
1 70
2 5
2 6
2 7
2 25
98 3
98 22
98 94
98 95
98 97
97 0
97 99
4 75
96 0
96 20
96 92
96 95
20 77
56 58
56 60
56 76
74 72
74 79
13 12
13 14
5 4
5 7
5 10
5 49
70 69
70 72
70 74
19 18
19 22
19 24
19 68
6 97
71 17
71 66
71 68
71 70
71 72
71 74
25 30
89 75
3 7
3 8
3 17
8 7
8 46
17 12
17 70
17 24
90 86
90 87
90 88
90 89
90 93
90 95
36 33
36 34
36 35
36 38
36 96
75 70
75 74
75 77
9 14
9 34
10 7
10 8
10 9
10 13
10 15
10 22
52 48
52 49
52 51
52 56
49 7
49 47
49 51
80 82
80 84
11 14
11 34
12 7
12 14
41 28
41 36
41 37
41 40
41 44
41 46
41 96
46 7
46 45
46 48
87 91
42 39
54 9
54 55
54 57
34 35
34 37
34 51
15 13
15 19
22 20
22 68
29 25
29 26
29 27
29 30
29 33
16 21
18 14
79 13
79 78
31 66
31 96
76 16
76 79
24 28
23 71
92 18
92 89
92 95
92 97
44 43
44 45
44 47
44 88
68 65
68 67
68 70
68 72
55 20
55 47
55 51
55 58
55 60
77 72
77 78
77 79
26 21
26 31
33 35
33 37
33 53
27 25
27 26
27 28
27 30
27 93
30 33
30 35
30 64
66 65
66 70
32 28
32 29
32 30
32 34
32 36
32 39
93 91
93 92
93 94
93 96
93 98
73 69
73 70
73 75
73 77
73 81
60 77
35 39
64 62
64 66
64 94
86 45
86 85
86 89
91 94
91 96
37 40
37 42
38 33
38 35
38 39
38 43
53 54
53 57
51 47
40 35
40 39
40 42
94 51
94 96
94 99
84 37
84 52
84 87
84 89
43 47
61 60
61 63
61 65
59 54
59 55
59 56
59 58
59 62
59 64
69 42
69 72
50 51
50 55
50 84
58 43
58 57
58 60
58 76
48 49
48 51
48 53
88 85
88 86
88 89
88 91
88 93
67 69
83 77
83 79
83 82
83 86
83 88
57 78
85 89
62 66
62 97
63 59
63 64
63 66
63 68
81 78
81 82
81 85
81 97
