0 998
0 997
0 5
0 134
0 410
3 5
997 1
997 16
997 992
997 995
997 999
996 991
996 993
996 999
5 8
578 573
578 577
578 582
134 132
134 136
134 138
747 543
747 743
747 751
747 817
410 405
410 406
410 412
410 543
474 469
1 5
2 598
999 2
999 599
999 995
999 998
4 2
4 3
4 5
4 7
4 999
4 145
564 1
564 566
7 5
7 8
7 213
598 653
458 3
458 453
458 455
458 456
458 459
458 462
242 241
557 3
557 103
557 552
557 554
557 558
557 560
6 788
9 8
9 335
9 464
296 292
296 298
145 143
145 147
145 149
10 7
10 14
10 938
48 172
257 5
257 254
257 255
257 256
257 259
257 805
11 14
11 16
788 793
166 165
166 314
166 345
678 7
678 212
678 521
678 674
678 675
678 683
13 8
13 16
13 18
593 690
923 8
923 918
923 925
335 332
335 340
207 204
207 206
207 208
207 211
12 11
12 13
12 16
938 746
938 933
938 941
15 20
400 395
400 403
400 405
911 12
911 538
911 909
911 916
666 36
666 371
666 727
443 92
443 439
443 441
443 442
443 444
443 920
215 91
215 211
215 214
215 217
215 420
893 12
17 15
17 18
17 21
18 16
18 158
18 806
710 706
710 711
791 14
791 465
791 616
752 754
926 504
926 923
926 925
926 928
926 930
19 24
20 24
446 15
446 441
446 442
446 445
446 448
21 24
21 75
22 24
22 26
842 29
842 840
842 843
842 846
438 17
438 437
23 19
23 20
23 21
23 22
23 24
23 26
23 28
917 918
158 160
158 163
950 18
950 946
950 949
950 951
950 953
950 955
535 539
248 19
248 251
698 19
698 700
880 130
880 875
880 878
880 881
600 19
600 307
600 595
600 597
600 599
600 601
600 706
25 22
25 23
25 27
25 29
25 65
541 537
541 539
541 540
541 545
718 236
718 717
718 723
718 921
26 29
75 79
27 22
27 29
27 31
28 26
28 27
28 29
28 31
28 33
29 34
30 34
30 355
65 63
65 64
65 68
65 708
509 25
509 155
509 365
509 505
509 507
509 508
509 514
509 894
31 29
31 33
31 36
32 37
32 131
273 269
273 274
273 277
35 36
35 38
355 351
355 353
355 354
355 356
355 358
355 401
36 33
36 41
36 470
814 31
814 631
814 809
814 811
814 813
814 815
814 817
814 819
546 32
546 163
546 541
546 544
546 547
131 136
38 78
949 951
39 34
301 296
301 298
301 303
301 306
992 35
992 275
992 987
992 988
992 989
992 993
992 996
41 37
41 39
470 472
307 306
307 312
793 178
793 583
793 797
793 957
147 37
147 143
247 244
247 250
247 252
247 432
570 37
570 154
570 351
570 575
510 674
42 46
42 632
43 39
43 45
43 47
43 52
78 75
78 76
78 79
78 628
116 113
116 119
116 662
97 100
902 336
902 347
902 903
902 906
167 39
167 164
167 802
167 876
44 43
44 45
44 47
44 903
45 40
45 148
655 434
655 652
655 659
655 884
810 40
810 375
810 805
810 807
810 812
810 815
993 991
993 995
46 45
46 47
46 49
46 51
46 882
789 787
789 791
47 64
632 635
632 637
52 48
52 49
52 50
52 51
52 71
52 902
71 67
71 68
71 70
71 73
71 75
71 149
49 45
49 51
49 527
49 191
903 907
50 48
50 49
50 51
50 53
50 291
108 103
108 104
108 105
108 106
108 107
108 109
108 111
108 870
108 564
148 144
148 145
148 146
148 147
148 149
148 152
956 159
956 951
956 952
956 954
956 959
51 138
51 581
396 398
396 400
882 880
882 887
792 788
792 794
792 796
933 47
933 514
493 488
493 495
493 497
981 47
981 654
981 984
64 228
584 47
584 588
936 545
936 933
936 938
936 940
53 55
53 57
53 744
53 636
641 48
641 639
641 645
641 728
527 523
527 525
527 526
527 529
527 532
218 215
218 217
218 222
218 998
218 417
191 192
191 194
359 356
359 360
359 364
359 862
291 289
291 290
291 627
291 762
54 55
54 58
54 872
138 424
496 51
496 99
496 492
496 493
496 494
496 495
496 501
581 324
581 578
581 579
581 582
581 596
119 121
119 966
362 357
362 363
362 777
56 55
56 59
56 883
58 55
58 61
58 824
744 743
744 749
421 419
421 423
421 426
421 655
636 416
636 509
636 632
636 633
636 635
636 638
636 641
636 884
642 521
642 640
642 643
642 903
59 60
59 62
59 473
872 875
60 55
60 57
60 58
60 61
60 900
883 227
883 878
883 881
846 850
61 109
62 64
62 189
485 489
852 57
852 395
852 850
693 690
693 691
693 695
653 57
653 128
653 414
199 197
199 307
824 804
824 825
363 367
473 317
473 423
740 735
740 742
900 546
900 902
900 941
529 60
529 81
529 459
529 524
529 526
529 528
529 530
529 532
529 583
498 61
498 496
498 497
498 503
589 594
377 61
377 375
377 379
377 381
377 557
67 70
67 627
587 62
587 584
587 586
587 588
587 592
66 70
66 332
66 654
640 641
640 643
316 312
316 314
316 926
68 72
68 910
70 72
682 679
682 680
682 684
682 736
69 66
69 67
69 68
69 70
69 74
69 101
69 100
794 196
794 789
794 799
412 66
412 101
412 414
412 541
415 66
415 419
684 687
684 689
717 720
627 623
627 624
627 625
627 626
627 628
627 631
627 725
72 75
72 77
73 216
910 912
910 986
337 119
337 341
337 614
74 70
74 71
74 72
74 73
74 75
74 78
74 783
898 894
898 895
898 896
898 897
898 901
101 96
101 106
132 136
132 174
858 70
858 855
858 856
858 859
858 861
858 863
555 602
149 150
149 152
149 741
76 72
76 75
76 77
76 79
256 72
256 363
924 659
924 689
924 920
924 921
924 922
924 923
924 927
216 213
216 301
592 73
592 252
592 588
592 590
592 591
592 594
592 597
441 75
441 585
441 639
80 76
80 77
80 79
80 81
80 83
80 85
81 84
81 86
611 76
82 77
82 79
91 92
91 95
106 77
106 109
580 78
580 292
580 575
580 742
865 78
865 867
865 870
83 671
83 398
84 82
84 85
84 88
85 90
85 486
887 890
887 892
86 82
86 83
86 85
86 87
86 91
86 603
244 239
244 241
244 242
244 248
87 719
774 776
774 778
774 856
851 193
851 856
398 395
398 400
398 403
293 83
293 289
293 292
293 295
293 297
293 599
777 84
777 487
777 772
777 774
777 775
89 86
89 90
89 93
89 186
89 255
90 88
90 94
964 85
964 516
964 968
979 86
979 442
979 981
979 983
603 185
603 607
603 617
92 88
92 94
92 96
92 240
945 87
945 773
945 942
945 943
945 944
945 947
945 949
719 715
719 721
719 723
252 251
661 88
661 381
661 656
661 659
136 88
93 90
93 91
93 94
93 96
93 98
93 920
186 185
186 188
186 191
186 304
186 547
284 285
284 288
284 759
255 256
255 258
255 664
290 285
290 628
749 90
749 754
812 808
812 817
95 92
95 96
95 100
96 100
590 92
590 129
590 586
590 591
590 593
590 803
240 238
240 245
98 99
98 101
98 103
164 162
164 163
164 166
164 168
164 590
920 917
920 925
99 95
99 96
99 101
99 713
99 438
99 783
259 94
259 244
259 256
259 261
259 264
318 314
318 317
318 319
318 323
318 744
823 613
823 818
823 819
823 825
434 94
389 392
389 867
856 859
731 730
586 97
586 589
586 591
102 100
103 101
103 107
103 645
104 105
104 107
104 109
713 717
105 100
105 102
105 107
105 109
105 593
651 100
651 580
651 647
651 652
651 654
651 825
651 927
115 120
288 285
288 289
288 606
146 102
146 144
146 145
146 147
146 149
146 151
146 204
107 109
913 916
913 918
696 103
696 225
696 693
696 700
696 866
645 363
521 105
521 730
670 671
670 674
800 105
800 796
800 798
800 799
800 802
800 805
110 109
110 112
110 114
839 731
839 834
839 836
839 841
839 843
111 114
111 274
111 120
112 107
112 108
112 109
112 114
112 466
870 930
500 108
500 495
500 497
500 502
500 543
757 283
757 619
757 697
757 762
894 891
894 899
120 116
120 119
120 121
120 123
466 469
547 543
547 549
117 118
117 120
117 122
118 120
118 123
118 891
118 827
569 409
569 564
569 565
569 568
569 571
569 573
569 811
662 658
662 660
662 661
662 663
121 126
122 119
122 120
122 124
122 734
122 527
888 886
888 891
888 893
123 121
123 126
321 118
321 317
321 323
321 325
321 825
891 890
897 893
897 899
897 902
827 825
827 998
966 442
217 119
217 212
217 214
217 216
217 220
217 740
124 128
124 737
126 131
340 341
980 978
980 982
980 984
734 732
734 735
734 738
734 851
262 264
262 266
262 771
125 128
125 130
543 123
543 535
543 539
543 540
720 650
720 719
720 722
720 725
289 290
289 294
127 126
127 128
127 132
127 465
128 129
128 132
129 131
129 134
737 686
737 733
737 928
478 473
478 477
478 480
130 126
130 128
130 129
130 131
130 133
130 183
320 126
320 321
320 324
320 698
561 127
561 565
561 694
465 312
465 464
711 715
702 128
702 166
702 704
382 387
133 136
183 182
183 184
183 188
135 133
135 137
135 139
135 995
135 196
940 131
940 606
940 797
940 938
940 939
940 942
940 945
770 399
770 773
770 775
331 131
331 330
331 333
331 365
137 132
137 134
137 136
990 194
990 986
990 988
990 989
990 991
805 361
805 803
548 545
548 547
548 549
548 552
577 575
583 133
583 277
583 335
583 578
583 579
583 582
583 586
583 636
139 136
139 580
139 730
686 134
686 684
686 688
686 690
686 809
140 138
140 142
140 547
140 233
995 401
995 998
196 195
196 198
196 200
142 137
142 143
142 147
433 428
433 429
433 434
908 137
908 909
908 911
141 146
143 138
424 425
424 429
825 138
144 147
144 149
795 139
795 268
795 790
795 792
795 793
795 796
795 799
272 275
272 277
233 230
233 231
233 232
233 234
233 606
233 762
233 919
646 142
646 641
646 643
646 647
646 650
646 759
431 143
431 428
431 429
150 154
150 616
150 286
151 150
151 155
151 579
151 966
204 202
204 710
659 170
659 700
153 149
153 150
153 152
153 154
153 157
153 592
741 740
741 742
155 152
155 156
155 160
155 533
341 345
286 289
579 574
579 576
579 578
579 580
579 582
558 553
558 563
558 735
156 154
156 160
157 161
456 411
456 421
456 451
456 452
456 453
456 454
456 461
518 152
518 511
159 160
159 406
973 775
973 970
973 972
973 976
818 620
818 814
818 819
818 822
533 536
533 538
487 597
487 635
487 692
384 156
384 382
384 383
384 386
384 388
384 976
384 699
623 618
623 626
623 628
161 160
161 166
161 397
568 157
568 567
568 571
568 573
676 157
676 675
676 678
676 680
676 941
225 222
225 224
225 227
225 229
225 468
162 163
162 165
163 166
163 168
967 158
967 445
967 586
967 962
406 402
406 403
406 409
406 562
165 168
953 214
953 493
953 949
953 955
953 958
280 160
280 282
280 284
525 161
525 523
525 528
833 161
833 537
833 618
168 172
169 165
169 168
169 170
169 174
169 808
169 327
170 172
314 317
345 348
802 295
802 556
802 799
802 801
802 803
802 806
322 320
322 321
322 324
322 326
322 960
876 878
876 880
171 170
171 172
171 175
171 398
278 281
278 283
901 169
901 617
901 900
901 903
901 905
808 806
808 813
534 169
534 204
534 529
534 532
534 533
534 536
534 539
173 171
173 175
173 178
855 850
855 851
855 852
855 854
855 856
855 965
361 170
361 360
361 363
361 365
175 174
175 177
175 467
176 175
176 179
176 966
177 172
746 744
178 177
178 182
178 304
178 547
588 173
588 590
588 593
727 197
727 445
727 648
727 723
727 724
727 725
727 726
727 730
179 174
179 175
179 307
538 539
538 541
873 175
873 707
873 868
873 869
873 871
873 875
873 878
467 464
467 469
181 209
447 443
447 444
447 448
180 181
180 183
180 185
182 181
182 184
315 177
315 311
315 313
501 472
501 499
501 500
501 503
304 303
304 306
304 309
304 554
479 303
479 480
184 181
184 185
184 187
184 189
489 484
489 488
489 490
489 493
915 181
915 429
915 514
915 907
915 911
915 913
915 917
187 189
187 350
430 306
430 426
430 427
688 690
620 616
285 184
285 282
461 465
461 893
461 754
190 187
190 192
190 311
403 185
403 399
403 407
635 631
635 637
635 640
192 193
192 197
193 189
193 248
193 208
605 188
605 601
605 604
605 610
334 331
334 333
334 335
334 337
334 339
329 332
329 565
194 193
194 349
205 209
205 572
826 189
826 821
826 824
826 828
826 830
250 190
250 245
250 248
250 253
250 883
250 750
250 594
311 313
803 190
803 806
195 197
195 199
195 556
197 202
672 670
672 675
672 692
742 744
742 968
958 193
958 548
958 955
958 963
393 395
393 398
393 628
208 209
198 195
198 200
198 202
198 446
200 203
200 634
201 202
201 204
201 576
203 201
203 204
203 207
203 410
203 223
634 733
634 805
728 731
728 733
226 228
226 231
226 717
576 578
576 580
905 315
905 350
905 900
905 902
905 908
905 910
206 202
206 208
206 211
890 202
890 400
890 893
838 203
838 833
838 841
838 843
223 220
223 222
223 227
223 899
572 987
572 714
211 209
211 213
211 422
647 206
647 650
647 652
647 735
212 208
212 211
212 459
214 210
214 216
214 238
214 386
896 891
896 892
896 895
896 897
896 899
896 901
249 209
849 848
849 850
849 853
411 407
411 409
411 413
411 415
411 475
867 541
422 424
422 427
459 463
743 213
820 818
820 823
366 362
366 365
366 368
366 370
219 260
638 633
638 635
638 637
638 640
638 642
386 382
386 383
386 385
386 387
386 399
221 216
221 220
221 223
221 225
221 297
221 478
483 481
483 482
483 485
483 487
220 222
220 224
427 425
427 426
427 429
879 709
879 876
879 882
879 884
417 421
417 517
760 218
760 585
760 621
760 871
260 258
260 262
260 264
260 337
260 657
297 294
297 299
297 301
297 427
297 987
227 222
227 224
227 232
899 540
229 395
230 229
230 231
230 234
230 442
468 466
468 467
468 472
231 227
231 228
231 234
231 422
231 776
232 234
748 745
748 747
748 749
748 752
918 228
234 236
234 238
235 234
235 238
442 918
308 324
790 231
790 836
492 497
502 232
502 497
502 503
606 505
606 603
606 610
606 658
919 528
919 914
919 915
919 916
919 920
919 922
919 924
236 238
237 234
237 236
237 238
237 459
239 241
239 243
239 671
574 235
574 570
574 573
574 575
574 578
551 396
551 549
551 550
551 555
916 912
916 918
916 920
787 788
787 790
658 656
658 744
243 248
512 238
512 325
512 513
512 515
246 250
246 781
709 704
709 708
562 242
610 245
610 520
610 611
610 615
732 303
732 728
732 733
732 735
732 737
781 777
781 780
781 784
251 878
432 436
432 968
253 249
253 663
253 268
253 940
681 248
681 277
681 677
681 683
681 768
254 251
254 875
927 250
927 926
927 928
927 930
750 751
750 754
871 250
871 762
871 866
871 868
871 869
871 874
594 593
594 596
594 598
258 251
878 881
985 251
985 983
663 391
663 637
925 285
925 749
925 930
984 254
984 623
984 626
984 987
664 662
664 665
664 669
664 873
261 256
261 263
261 266
261 595
263 264
263 559
264 268
265 261
265 262
265 268
265 270
265 709
265 418
657 652
657 653
657 654
657 658
657 660
657 834
266 268
266 270
266 574
595 590
595 594
595 596
595 599
267 262
267 264
267 265
267 266
267 269
267 272
771 768
771 770
771 773
771 776
630 304
630 503
630 625
630 626
630 628
630 633
559 562
559 564
669 263
669 336
669 665
669 667
669 668
669 670
669 673
669 707
269 264
269 265
269 266
269 271
269 274
269 344
270 746
354 350
354 356
354 358
295 290
295 294
295 455
418 414
418 417
418 420
271 274
909 912
724 268
724 726
724 728
629 624
629 630
629 632
629 634
344 341
344 346
344 349
344 613
436 431
436 437
436 439
436 441
955 270
955 468
955 969
612 607
612 608
612 610
612 611
612 613
612 615
612 858
613 486
613 733
957 958
957 961
276 565
619 271
619 326
619 618
619 624
619 952
358 360
358 812
665 271
665 663
665 666
665 670
275 420
277 282
277 541
279 385
522 274
522 518
522 520
522 523
522 525
522 880
287 282
287 290
287 292
281 283
281 285
281 439
565 568
565 570
685 276
685 681
685 683
685 687
685 937
283 538
391 386
391 388
391 390
391 392
391 396
439 444
759 754
759 763
292 295
707 287
707 703
707 704
707 710
707 863
675 671
675 846
763 287
763 758
763 767
763 991
383 378
383 380
383 385
383 387
294 298
821 825
637 964
444 448
491 414
491 720
599 594
599 604
299 298
299 300
299 303
299 415
969 294
300 301
300 304
302 299
302 300
302 301
302 304
302 306
302 873
987 991
303 305
303 307
524 520
524 522
524 525
524 752
986 300
986 982
986 987
986 989
986 991
328 325
328 327
328 330
328 332
328 339
306 305
306 311
306 544
721 723
721 726
864 345
864 859
864 860
864 861
864 862
864 863
864 869
309 314
554 313
554 549
554 556
310 311
310 315
310 479
310 866
544 545
544 549
312 317
324 538
963 962
963 964
963 967
499 309
499 504
797 802
471 472
471 474
471 476
471 666
866 861
866 863
866 865
866 869
460 311
460 455
460 464
460 828
437 311
437 434
357 313
319 885
319 477
937 935
937 939
937 941
906 909
906 911
994 317
994 989
994 995
994 997
323 327
885 846
885 880
885 881
885 886
885 889
477 474
477 482
477 640
390 387
390 389
390 392
960 955
960 959
960 961
960 965
755 750
755 752
755 758
755 760
330 332
367 505
914 909
914 912
914 915
914 917
853 327
853 855
853 857
853 909
505 510
333 335
333 337
339 335
339 338
339 342
339 610
365 367
365 369
365 658
798 332
798 793
798 794
798 795
798 796
798 799
798 801
798 803
336 335
336 341
336 907
338 333
338 336
338 341
338 343
907 906
907 909
907 912
494 492
494 493
494 495
494 499
494 813
342 340
342 347
342 648
614 612
614 616
614 618
343 346
343 348
346 347
346 349
346 351
347 350
347 352
648 645
648 653
348 351
571 343
571 576
679 677
679 678
679 681
679 683
597 346
597 594
597 595
597 599
597 602
463 466
356 352
353 351
353 354
353 356
353 358
490 352
490 491
490 517
401 399
401 403
364 367
364 990
780 566
780 775
780 779
780 967
862 811
862 857
862 858
862 859
862 860
862 861
862 863
862 867
530 360
530 532
530 535
368 364
368 365
368 367
368 369
368 371
368 373
451 446
451 447
451 453
451 455
370 374
370 754
370 545
371 374
371 804
372 370
372 374
372 376
457 459
457 461
373 372
373 374
373 376
373 378
379 374
379 380
379 382
379 384
673 369
673 668
673 675
673 677
375 376
375 378
375 380
884 370
884 886
376 378
376 608
804 806
804 809
542 545
542 547
392 374
392 394
392 396
380 378
380 385
381 380
381 383
381 385
381 702
596 861
608 610
608 613
766 484
766 651
766 765
766 770
626 622
626 628
837 378
837 836
932 380
932 488
932 934
932 978
388 385
388 390
388 438
976 978
976 980
699 695
699 698
699 700
399 402
615 386
615 617
615 660
449 387
449 444
449 445
723 388
723 726
723 728
970 390
970 966
970 969
970 972
970 974
394 399
394 543
860 392
860 856
860 858
860 859
860 861
860 863
860 865
962 393
831 834
831 836
404 402
404 403
404 408
404 613
404 468
405 407
941 401
631 403
631 630
631 634
631 705
408 405
408 409
408 413
409 407
409 414
807 407
807 808
807 811
413 409
413 410
413 415
413 417
469 473
982 978
982 983
982 985
416 412
416 420
416 840
475 472
475 477
475 479
624 412
624 620
624 622
624 623
624 626
624 628
419 420
419 422
840 837
840 838
840 839
840 841
840 843
840 966
840 990
517 516
517 519
517 980
423 425
585 580
585 582
585 583
585 584
585 586
585 589
585 993
426 423
426 424
426 428
706 424
706 702
706 709
537 425
435 430
435 433
435 434
435 439
435 794
440 437
440 441
440 443
440 736
848 636
848 852
531 438
531 526
531 527
531 528
531 529
531 530
531 534
531 536
796 439
796 797
796 799
796 801
736 734
736 738
736 874
736 776
445 444
445 448
445 778
639 634
450 448
450 451
450 453
450 455
778 741
778 776
778 846
452 448
452 451
452 453
452 455
452 457
453 449
453 455
453 457
454 451
454 452
454 453
454 455
454 457
454 841
841 558
841 836
552 556
462 459
462 461
462 464
462 735
822 458
822 669
822 686
822 817
822 821
822 827
828 523
828 824
536 532
536 570
591 589
591 594
834 462
834 837
975 978
694 465
694 693
694 695
694 698
694 872
830 466
830 828
830 829
830 831
830 835
830 898
495 467
495 490
495 491
495 617
476 473
476 479
476 694
947 851
947 942
947 943
947 944
481 479
481 484
481 486
482 480
482 486
484 480
484 488
484 530
817 821
618 616
618 890
488 486
488 492
692 694
692 697
692 806
843 491
843 663
843 841
843 846
503 504
503 508
503 615
504 508
506 501
506 502
506 507
506 510
506 901
507 508
507 783
511 508
511 510
511 516
767 506
767 770
513 516
514 513
514 516
514 813
515 514
515 517
515 519
515 750
519 516
519 520
519 523
519 576
520 523
683 518
683 686
683 782
523 528
526 522
526 528
526 530
528 530
528 532
782 533
782 779
782 783
601 596
601 598
540 544
931 930
931 934
931 936
726 728
726 730
553 591
566 550
566 571
566 749
560 565
602 601
602 604
602 607
563 562
563 912
934 879
934 930
934 933
567 566
567 571
567 808
573 575
573 577
811 809
811 815
811 861
857 572
857 641
857 854
857 858
857 861
714 709
714 711
714 712
714 713
714 715
714 717
714 719
733 582
705 700
705 703
705 707
705 710
971 587
971 968
971 973
971 976
829 588
829 827
829 833
869 867
869 868
869 870
869 872
869 941
952 589
952 948
952 950
952 951
952 953
952 957
701 596
701 696
701 697
701 699
701 702
701 704
701 706
765 596
765 760
765 767
765 770
764 597
764 768
764 883
844 747
844 842
844 846
844 849
607 604
607 605
607 611
607 746
609 610
609 612
609 614
904 905
904 908
904 947
667 662
667 665
667 668
667 670
667 991
621 618
621 620
621 622
621 624
621 626
622 617
773 774
773 778
625 621
625 626
725 631
725 723
725 726
725 728
725 730
633 628
633 637
633 700
700 704
847 634
847 842
847 843
847 849
847 851
847 924
785 786
785 788
643 641
643 645
643 648
644 646
644 648
644 708
649 650
649 653
649 990
650 645
650 653
652 648
652 649
652 650
652 654
652 656
758 649
758 753
758 975
656 827
729 656
729 678
729 694
729 725
729 726
729 728
729 730
729 889
786 781
786 782
786 784
786 788
786 790
668 670
668 672
944 666
944 941
944 946
944 949
991 730
680 683
680 685
768 765
768 770
768 772
687 688
687 690
689 691
689 693
691 687
691 688
695 690
695 691
695 698
695 700
697 694
697 695
697 696
697 700
697 702
703 699
703 700
703 702
703 706
703 708
977 698
977 978
977 980
978 703
978 983
712 707
712 708
712 710
712 713
712 715
712 937
716 714
716 715
716 717
716 719
716 721
722 719
722 723
722 725
722 727
921 916
921 918
921 920
921 923
921 925
889 893
889 929
816 815
816 818
816 820
738 737
738 740
738 742
929 733
929 925
929 926
929 927
929 932
929 982
739 734
739 738
739 740
739 742
739 762
739 947
874 876
874 878
928 923
928 931
928 933
745 740
745 747
745 750
745 871
751 752
751 754
751 894
753 751
753 752
756 751
756 754
756 760
756 992
761 766
769 764
769 767
769 768
769 771
769 773
769 906
772 774
772 776
779 774
779 778
779 783
779 802
951 955
784 782
784 783
784 789
799 801
799 803
799 833
801 803
801 805
819 822
819 877
877 873
877 874
877 879
877 881
832 827
832 828
832 829
832 831
832 834
832 836
835 832
835 836
835 840
845 840
845 841
845 843
845 844
845 847
845 849
959 849
959 957
959 958
959 961
959 963
854 856
859 861
859 863
965 961
965 962
965 967
965 969
868 870
868 872
930 933
886 883
886 890
892 888
892 893
892 897
895 893
895 899
948 900
948 945
948 946
948 951
922 923
922 925
922 927
935 934
935 938
942 937
942 938
942 944
942 946
943 939
943 942
943 944
943 946
946 949
946 951
954 951
954 953
954 957
954 991
972 967
972 999
974 977
974 979
988 983
988 984
988 986
988 989
988 991
988 993
989 991
989 993
