1 998
1 996
1 161
999 0
999 4
999 432
999 478
999 692
999 996
999 997
2 564
997 0
997 1
997 994
997 996
997 998
4 622
4 775
996 0
996 998
5 9
5 570
351 0
351 804
638 201
638 643
771 985
983 0
983 979
983 980
983 981
983 982
983 988
3 280
3 625
998 993
863 1
863 759
863 860
863 861
863 864
863 944
161 864
161 909
212 210
212 214
212 670
7 10
7 671
789 17
789 790
789 794
632 215
901 182
901 896
901 904
901 943
564 561
564 563
564 565
564 567
6 9
6 461
6 478
93 94
93 97
93 259
894 3
894 863
894 897
280 194
280 276
280 277
280 281
280 284
92 3
92 88
92 96
92 700
625 626
248 251
248 253
248 897
8 463
8 155
367 364
367 365
367 371
658 4
658 251
658 433
658 653
658 654
658 655
658 657
658 660
658 663
221 223
221 298
371 376
622 617
622 626
545 680
545 651
545 686
775 780
735 730
735 732
735 733
735 739
10 210
10 846
867 523
867 635
867 863
867 865
867 870
530 462
530 515
530 534
570 569
570 571
570 573
714 263
714 544
714 710
714 712
714 717
714 719
461 460
237 240
237 475
237 481
478 474
478 476
478 481
478 483
12 15
12 818
671 670
671 862
707 7
707 63
707 677
707 691
707 702
707 704
707 705
707 995
403 399
403 400
403 404
403 408
403 700
11 9
11 14
11 627
13 8
13 11
13 12
13 14
13 17
13 88
13 871
463 462
463 464
463 467
463 986
790 385
790 786
790 793
155 152
155 636
155 346
567 104
14 9
99 356
99 207
468 582
850 9
850 247
54 55
788 790
885 10
885 38
885 172
885 416
885 880
48 43
48 50
48 53
48 333
846 842
846 845
846 847
846 851
229 230
229 233
229 746
15 207
16 20
16 469
408 343
408 404
408 407
408 411
408 946
408 661
17 21
818 813
818 814
818 817
818 821
818 889
167 616
167 621
18 23
18 874
88 964
823 68
823 201
823 690
823 822
823 825
823 946
871 235
871 796
871 805
871 874
19 17
19 21
19 23
297 14
297 292
297 295
297 451
981 771
981 986
552 549
552 550
552 551
552 554
552 714
249 646
249 423
474 15
474 471
474 473
474 475
615 611
615 614
20 19
20 198
20 675
21 23
21 25
469 470
469 473
22 19
22 23
22 26
22 866
22 638
22 607
380 376
380 382
380 384
380 927
977 586
977 972
977 979
949 951
949 953
931 268
931 933
785 782
785 783
785 786
785 876
24 19
24 21
24 22
24 23
24 27
24 898
752 412
752 749
752 751
752 755
752 757
25 26
77 82
77 336
698 961
198 194
198 196
198 197
198 201
198 493
991 989
991 995
675 207
675 332
675 679
539 276
539 352
539 540
488 21
695 700
695 825
875 421
875 643
875 787
875 872
875 879
730 22
730 729
730 732
730 734
730 926
866 725
866 862
528 144
528 524
528 529
528 707
528 879
28 23
28 26
28 31
28 33
28 288
884 881
884 882
884 887
472 23
472 475
472 617
477 472
477 475
477 737
749 23
749 746
749 750
749 754
29 31
29 33
29 490
799 108
799 409
799 794
799 801
898 322
531 76
531 527
531 535
30 26
848 25
848 845
848 846
848 847
848 849
361 356
361 499
361 842
563 26
563 567
31 33
32 378
240 238
240 241
240 243
240 784
955 612
955 953
108 653
830 579
830 681
830 829
830 832
830 834
288 53
288 331
34 30
34 37
34 189
329 334
329 464
502 30
502 506
479 30
479 475
479 482
479 577
242 244
242 246
242 883
242 797
987 30
987 990
876 31
876 340
876 873
876 874
876 881
807 142
807 802
807 803
807 811
773 31
773 774
773 777
773 786
967 31
967 966
967 972
331 669
37 64
37 86
517 32
517 512
517 519
517 522
517 834
36 33
36 41
36 51
36 59
36 620
47 50
47 352
129 33
301 302
301 303
303 33
303 306
303 308
763 33
763 765
974 34
974 192
974 977
189 187
189 194
189 579
779 34
779 775
779 783
779 929
123 782
123 506
635 289
635 318
635 329
635 349
635 634
35 36
35 573
35 782
35 796
40 45
40 728
573 577
266 37
266 264
782 786
617 614
617 620
796 409
796 794
796 798
796 801
41 95
41 483
888 36
888 884
888 890
888 892
51 50
51 54
51 231
900 36
900 695
900 789
900 895
900 899
900 901
59 63
338 335
338 342
338 670
551 152
551 311
551 499
551 792
551 740
313 37
313 59
313 308
86 461
214 210
38 165
38 605
42 38
42 44
42 821
42 228
42 893
43 306
165 162
165 169
165 410
571 573
571 604
571 679
605 609
547 38
547 480
547 543
547 550
39 41
39 44
39 626
44 43
44 48
44 66
44 47
774 775
774 980
626 119
637 633
637 634
637 639
637 641
637 951
728 724
728 725
728 729
728 732
728 815
186 182
186 187
186 189
186 315
186 934
843 57
843 322
843 335
843 662
843 838
843 845
843 848
778 41
778 773
778 774
778 776
778 777
778 780
778 783
95 100
95 488
586 589
483 560
166 161
166 163
166 165
166 167
166 346
166 550
810 806
810 807
810 808
810 812
228 232
228 804
228 653
868 864
868 869
893 74
893 204
893 230
893 388
893 517
893 890
893 892
893 897
293 298
936 43
936 931
936 932
936 933
936 938
663 43
663 665
663 667
435 44
435 433
435 438
435 850
66 70
138 139
138 141
138 293
49 52
49 75
49 638
49 294
124 127
124 129
395 45
395 394
395 399
395 471
760 705
760 758
760 761
760 787
760 950
680 46
680 257
225 223
225 224
225 226
225 229
225 610
225 727
489 487
489 488
489 491
489 801
352 490
797 47
797 243
797 792
797 801
548 544
548 547
548 551
548 553
548 765
230 47
230 232
230 235
230 304
230 298
53 54
600 598
600 602
600 729
239 961
939 49
939 735
939 937
939 942
939 944
192 191
192 193
192 496
192 444
192 571
294 299
747 50
747 239
747 746
747 750
869 50
423 50
423 64
423 426
56 334
56 431
370 368
370 375
231 233
231 235
962 51
962 648
962 958
962 966
57 54
57 61
57 538
57 940
57 701
326 153
326 886
326 415
743 52
743 744
743 854
737 545
737 734
737 739
793 797
793 835
862 53
862 858
416 54
416 417
416 419
416 421
416 468
58 55
58 61
58 63
712 55
712 398
712 711
712 715
712 717
60 61
60 65
60 833
200 201
200 205
200 352
431 588
363 366
363 565
363 595
538 537
538 543
940 942
940 945
522 57
522 519
522 521
522 524
522 527
701 313
701 364
701 602
701 691
701 698
701 700
62 64
62 510
63 61
63 68
688 58
725 620
344 59
344 340
344 343
344 345
344 549
65 61
65 64
65 66
65 68
65 174
74 70
74 79
74 509
74 781
833 86
833 836
322 327
322 665
322 575
91 89
91 93
91 96
227 693
227 984
535 61
535 530
535 534
535 537
535 898
535 972
401 520
510 520
840 62
840 109
840 622
840 836
840 838
840 948
905 473
905 631
905 900
905 903
905 906
497 141
497 500
497 821
67 65
67 66
67 70
67 72
67 895
68 64
255 253
255 964
927 63
927 567
927 932
927 987
650 649
650 651
650 653
723 65
723 137
723 270
723 315
723 476
342 360
342 544
705 710
81 76
81 78
81 80
81 82
81 84
81 895
174 172
174 173
174 176
174 178
70 68
70 84
118 66
118 116
118 119
118 561
118 787
209 214
356 187
356 407
71 983
115 116
115 118
115 236
115 140
895 896
895 909
73 74
73 342
73 680
73 687
182 187
182 555
582 585
582 868
392 395
392 397
847 69
847 500
847 849
750 483
750 955
470 70
780 70
84 376
703 70
703 314
703 701
76 75
355 356
355 722
127 122
127 128
127 131
345 709
727 197
777 364
777 772
777 781
907 72
907 244
907 603
907 902
907 910
536 943
669 72
669 284
669 664
669 671
669 673
247 251
606 604
606 608
606 611
687 296
687 526
687 686
687 692
687 928
79 77
79 82
79 84
79 437
509 504
509 505
465 460
465 461
465 462
465 468
465 470
465 579
85 82
85 456
78 75
211 75
211 209
211 212
211 395
211 510
693 670
80 82
80 643
719 95
310 164
310 309
310 311
310 873
400 77
400 398
400 399
400 402
400 405
736 738
736 741
824 77
824 827
824 829
336 418
815 811
83 81
83 86
83 88
83 531
83 629
83 604
595 78
595 594
595 596
595 598
751 123
751 279
751 499
751 746
751 747
751 748
751 755
751 816
849 956
587 761
958 79
958 272
958 953
958 960
437 436
437 439
339 80
339 100
339 328
339 334
339 338
339 343
339 756
558 561
514 512
514 513
514 517
514 791
726 713
726 724
726 833
726 740
87 82
87 85
87 86
87 88
87 90
87 92
246 82
591 590
591 595
720 534
720 717
720 723
720 974
755 661
755 756
755 917
629 626
629 627
629 634
604 599
604 607
722 724
741 84
741 185
741 324
741 332
741 424
741 466
741 630
741 737
741 743
741 851
870 561
870 865
870 866
870 868
870 871
870 881
90 128
439 438
439 442
451 446
451 454
451 700
456 454
456 455
456 459
456 542
136 141
136 492
621 624
621 796
621 758
964 86
89 383
845 88
845 816
845 847
383 378
383 379
383 380
383 385
383 387
689 688
204 209
236 231
236 235
236 241
236 296
694 525
694 689
694 699
128 98
128 169
372 90
372 367
372 368
372 369
372 375
372 834
96 98
745 748
745 806
526 530
526 851
700 571
700 593
97 98
97 101
97 809
98 324
259 255
259 262
740 739
742 94
742 740
742 772
100 98
101 102
101 138
101 691
854 96
854 468
219 96
219 218
219 221
219 223
219 866
809 290
809 298
809 484
809 804
809 813
877 98
432 428
432 431
432 435
577 99
577 175
577 576
103 565
105 100
105 104
105 106
105 110
105 744
105 936
764 763
764 765
764 769
925 100
925 134
925 929
925 938
104 102
104 107
106 943
651 653
664 249
664 417
664 527
664 663
664 668
391 309
391 388
391 389
391 390
391 394
391 494
691 688
691 689
691 693
107 102
107 236
508 510
222 224
222 226
222 880
154 157
154 472
154 197
154 612
142 139
142 141
142 143
142 620
142 951
142 333
619 614
619 615
619 616
619 617
619 644
619 865
565 306
565 560
565 567
109 520
109 379
202 204
202 277
202 469
733 104
733 729
733 730
733 736
287 862
110 111
110 735
110 500
151 154
151 156
935 930
935 934
935 936
935 940
341 179
341 805
341 744
943 909
943 944
111 113
112 111
112 116
112 245
460 464
406 272
406 405
406 408
406 411
826 822
826 824
268 269
268 836
113 272
829 162
829 213
829 257
829 804
829 828
405 119
405 404
405 407
405 410
405 439
379 377
379 395
114 113
114 343
114 726
960 749
960 969
500 279
500 369
500 501
500 503
116 113
116 119
524 520
524 527
524 529
117 119
117 122
708 246
708 574
708 706
708 711
708 713
245 242
245 248
245 907
245 632
696 693
696 698
696 700
696 962
562 567
562 826
706 701
706 703
706 707
706 711
147 144
147 145
147 148
147 239
147 316
120 119
120 122
120 603
120 708
140 135
140 136
140 138
140 139
140 145
140 508
140 180
140 214
263 243
263 268
263 343
413 238
413 418
150 146
150 147
150 149
150 151
150 153
150 420
832 117
832 306
832 834
832 836
429 433
143 620
655 118
655 214
655 262
655 641
655 650
655 651
655 652
655 654
655 659
655 845
561 563
561 846
347 118
347 133
347 318
347 342
347 343
347 625
787 782
787 783
787 790
787 792
290 291
290 295
290 437
603 178
603 458
603 605
125 121
125 122
125 128
125 473
126 129
126 799
761 121
761 801
761 993
250 122
250 248
250 249
250 251
250 253
250 255
404 401
404 407
647 417
647 645
647 648
647 798
914 123
709 708
709 710
709 713
130 125
130 129
130 131
130 133
130 315
786 125
786 781
786 784
473 251
473 472
878 224
878 236
878 890
131 500
132 127
132 135
132 137
132 887
133 136
133 641
133 643
375 128
375 232
375 251
375 371
375 378
803 334
803 808
766 249
766 293
766 762
766 763
766 957
766 802
394 128
756 501
756 758
134 877
134 607
134 207
674 129
674 239
674 672
674 673
674 677
674 679
819 427
819 667
819 815
819 821
601 129
601 233
601 599
601 604
601 606
357 130
357 146
357 354
357 355
357 361
315 313
315 537
315 560
135 138
135 267
611 614
611 616
533 529
533 530
533 532
533 538
533 944
499 131
499 495
499 619
137 134
137 139
137 262
641 411
641 536
641 640
641 642
641 832
641 811
384 134
384 238
384 387
384 389
678 673
678 674
678 675
678 681
678 683
678 690
610 605
610 607
610 611
610 615
267 664
776 136
776 336
776 774
776 775
776 777
776 779
776 852
492 490
492 643
492 499
139 143
262 183
262 264
262 471
424 138
424 422
424 426
424 428
904 138
904 909
144 139
144 142
144 149
144 375
880 511
880 877
662 140
662 659
662 664
662 666
662 903
180 175
180 176
180 177
180 182
180 242
180 643
146 143
146 149
146 401
146 562
458 461
965 141
965 970
951 609
951 835
951 950
951 956
646 651
646 821
540 143
540 149
540 536
540 537
540 544
232 143
758 753
758 763
148 153
412 413
412 417
412 731
515 147
515 256
515 510
515 511
515 786
316 315
316 320
316 366
316 865
152 153
152 156
613 376
613 616
613 626
710 715
817 819
420 425
156 961
899 897
930 292
157 153
157 161
157 461
995 721
995 990
995 992
995 999
657 154
657 462
657 656
657 659
612 613
612 615
159 164
159 683
159 859
812 216
812 520
812 675
812 809
812 956
636 465
636 639
346 767
158 270
307 156
307 244
307 302
307 303
307 311
307 420
961 956
961 964
160 161
160 806
162 164
162 945
861 866
656 212
270 269
270 272
270 274
270 560
908 158
908 189
908 537
908 906
908 909
163 167
163 464
859 215
859 828
859 856
859 862
947 944
806 801
806 807
806 811
645 643
645 646
485 402
485 483
485 484
485 486
485 489
485 648
716 160
716 717
864 866
864 869
667 161
667 431
667 665
667 671
185 845
945 497
945 619
945 943
945 950
168 164
168 165
168 166
168 167
168 170
168 774
168 837
321 317
321 322
321 326
321 547
422 689
422 980
170 171
170 175
170 209
410 278
410 413
410 668
512 515
512 971
550 551
550 554
550 605
171 175
171 615
902 897
902 899
902 947
553 555
553 557
553 848
172 175
172 502
172 577
837 780
837 834
837 973
459 390
459 461
459 789
282 287
791 169
791 179
791 551
791 648
791 787
791 793
175 259
498 497
498 500
498 502
498 818
213 529
213 515
213 804
176 171
176 172
176 175
176 179
176 181
176 309
507 505
507 506
507 511
507 618
173 176
173 178
177 174
177 176
177 179
177 182
177 189
978 172
978 320
978 359
978 626
978 974
978 976
978 980
882 377
882 879
882 885
882 887
476 474
476 479
476 516
476 972
906 173
906 329
906 904
906 907
906 909
179 183
181 183
309 308
713 177
713 365
873 177
873 455
873 547
873 868
873 870
873 874
639 178
639 516
639 634
639 643
639 916
362 178
362 364
362 745
685 689
711 387
711 582
711 710
711 991
217 222
666 179
666 513
666 667
969 180
969 273
969 748
969 820
969 965
969 968
969 970
203 201
203 206
203 679
203 708
800 797
800 799
800 801
800 805
855 854
855 857
855 860
184 903
187 183
286 282
286 288
286 290
286 357
917 913
917 915
917 919
917 983
917 957
754 183
754 370
754 753
754 757
568 294
568 565
568 566
568 567
568 571
568 573
568 913
188 190
188 327
188 902
188 347
335 332
335 337
335 751
903 596
903 898
903 908
191 187
191 196
223 218
223 220
934 933
264 268
193 196
654 657
654 659
654 913
194 232
256 254
256 419
256 725
738 739
252 190
252 248
252 250
252 254
252 256
216 214
216 221
216 319
980 190
454 191
454 458
454 930
496 500
496 545
721 307
721 719
721 723
721 735
721 770
195 899
195 686
718 193
718 399
718 720
718 962
718 916
574 326
574 570
574 572
574 573
574 575
574 579
574 735
972 976
199 201
199 356
199 881
382 377
686 682
686 688
417 813
699 698
699 703
699 813
828 197
828 825
828 833
493 492
493 495
493 498
493 733
881 871
881 880
881 882
968 925
968 967
205 206
205 209
205 314
277 275
277 276
277 279
206 464
679 836
208 207
208 831
462 457
462 458
462 464
482 484
482 602
816 205
816 775
816 815
844 205
844 555
844 839
844 843
844 849
912 914
912 924
258 257
258 259
258 261
386 382
386 383
386 388
386 796
831 419
831 744
831 833
449 298
449 444
449 450
449 454
449 825
963 962
963 965
963 967
692 211
692 559
692 685
692 690
692 693
670 401
670 909
284 279
218 313
218 411
529 609
244 243
244 523
244 838
982 984
982 987
398 214
398 394
398 399
398 401
398 480
503 501
503 506
541 513
541 966
319 314
319 324
319 376
220 224
220 336
569 922
224 260
224 419
226 231
298 239
298 296
298 474
260 262
260 264
260 523
366 369
366 371
393 227
393 389
393 392
393 394
393 398
393 504
984 492
984 988
542 539
542 540
542 543
542 546
542 877
234 238
234 319
234 859
234 748
746 750
235 364
304 300
304 834
304 363
238 243
986 233
986 984
986 988
986 990
853 849
853 850
853 858
748 644
748 750
748 753
364 366
919 235
919 684
919 914
919 915
919 918
919 921
241 596
296 555
668 237
668 663
668 666
668 667
668 670
668 955
481 479
481 480
481 482
481 484
481 499
614 616
952 953
952 956
640 241
640 304
640 455
640 638
640 639
640 643
640 931
446 241
446 444
381 962
883 645
883 878
883 887
953 950
953 951
838 833
838 836
323 320
323 325
323 328
323 697
857 246
857 433
857 853
857 856
857 859
857 862
251 596
452 455
452 680
253 254
672 248
672 669
672 675
672 677
770 765
770 768
770 773
814 753
814 813
814 907
257 527
289 255
289 292
289 324
289 418
971 256
971 716
971 912
971 969
261 259
261 264
434 438
434 911
929 260
929 847
929 931
929 933
929 979
265 261
265 262
265 267
265 385
265 719
265 421
471 470
471 475
841 343
841 842
841 844
385 390
385 582
385 436
970 265
970 521
970 840
970 942
970 966
970 967
970 974
387 390
421 916
421 765
389 266
389 385
389 387
389 390
389 392
389 394
389 415
271 275
271 564
271 668
273 278
273 656
274 279
274 420
642 644
642 715
275 278
276 272
276 279
276 503
330 300
330 327
330 332
330 335
330 507
501 502
501 506
546 351
546 425
546 541
546 544
546 583
660 275
660 655
660 656
660 657
660 661
660 663
660 931
337 336
337 638
281 278
281 284
281 332
593 589
283 284
283 286
283 288
283 814
783 278
783 786
783 788
285 869
285 588
285 295
584 281
584 569
584 580
584 582
584 583
584 585
584 588
584 625
609 613
445 285
445 440
445 441
445 442
445 446
445 449
445 963
588 583
588 586
295 298
291 294
291 296
291 525
358 287
358 353
358 361
358 541
358 971
448 451
448 517
532 333
532 417
532 684
661 662
661 974
418 419
418 549
659 549
525 529
299 300
299 308
976 294
976 764
976 940
976 979
959 954
959 955
959 960
959 962
302 304
302 306
354 356
354 358
305 303
305 672
305 420
865 864
865 868
798 300
798 793
798 800
798 854
544 303
544 547
544 949
834 833
834 836
825 773
825 899
441 306
441 440
441 446
312 503
852 854
852 905
597 595
597 598
597 601
731 310
731 415
317 314
317 320
317 322
318 313
318 337
318 756
494 493
494 498
494 610
320 322
320 324
320 398
556 553
556 558
556 561
325 324
325 329
325 879
325 850
665 402
575 577
328 858
328 509
328 749
872 869
872 871
872 874
872 876
697 352
697 608
697 842
697 894
992 324
992 401
992 428
992 994
992 996
450 452
450 455
450 570
886 490
886 884
886 885
886 889
886 904
415 724
732 327
732 731
732 734
732 736
732 878
608 604
608 605
608 607
608 611
608 950
915 331
915 911
915 912
915 916
915 918
519 516
519 521
519 523
805 365
805 802
805 803
805 806
805 810
677 333
677 681
677 855
598 333
598 596
598 599
598 603
598 645
340 612
340 475
340 802
938 340
938 548
938 637
938 934
938 940
938 943
802 534
802 799
802 801
624 619
624 627
360 363
360 892
360 742
794 887
349 350
349 352
349 721
673 675
673 677
673 971
648 653
648 838
648 857
348 352
348 706
767 397
767 408
767 584
767 765
767 942
353 980
353 446
941 348
941 560
941 754
941 888
941 936
941 940
941 942
941 946
557 555
557 560
557 582
359 354
359 355
359 361
359 363
359 509
407 877
892 895
628 361
628 554
628 623
628 848
842 431
842 993
365 366
365 368
365 599
583 579
368 366
368 369
368 371
599 594
369 376
373 377
373 456
374 370
374 372
374 377
374 379
374 396
988 768
988 904
988 951
811 371
377 376
377 378
377 506
396 398
396 400
396 711
396 958
633 378
633 628
633 638
717 382
717 955
388 384
388 389
388 393
388 778
436 431
436 438
585 864
913 390
913 659
913 911
913 912
913 916
913 918
994 996
994 998
397 400
397 402
937 392
937 503
937 935
937 936
937 938
937 941
504 508
399 401
399 404
402 401
480 482
480 599
409 413
409 616
554 405
554 558
554 684
676 407
676 671
676 674
676 678
676 680
676 692
946 644
946 942
443 438
443 439
443 445
443 828
576 579
576 985
572 413
572 502
572 575
572 577
572 744
973 414
973 524
973 968
973 971
973 974
973 976
724 725
813 811
425 428
425 430
425 739
426 421
426 428
426 431
426 688
427 423
427 424
427 426
427 428
427 431
427 483
975 422
975 972
975 973
975 974
975 976
975 979
428 433
428 501
430 426
430 431
430 433
430 435
739 506
433 681
734 739
438 442
438 763
920 922
920 925
681 685
911 914
911 916
491 434
491 486
491 487
491 493
491 679
491 643
684 435
684 682
684 685
684 688
440 436
440 439
440 442
440 469
618 613
618 621
618 877
768 771
768 773
534 537
534 577
534 916
447 442
447 451
453 450
453 455
453 458
453 901
455 458
455 946
957 807
957 954
957 958
466 496
467 468
467 470
467 472
467 771
993 989
729 473
729 680
729 726
729 727
729 762
516 520
566 563
566 564
566 567
566 569
566 831
486 774
602 604
602 821
487 886
590 586
590 942
543 545
543 596
759 756
759 757
759 763
759 777
630 633
630 636
630 838
918 502
918 920
918 923
505 506
505 508
505 510
511 506
511 513
511 734
513 560
891 509
891 888
891 889
891 894
891 896
715 632
715 713
715 717
518 517
518 519
518 521
518 523
521 516
521 524
521 526
521 845
890 885
827 523
827 823
827 828
827 831
652 654
652 656
851 849
851 853
851 856
924 535
924 920
924 921
924 922
924 927
924 929
795 536
795 598
795 670
795 790
795 800
795 818
580 576
580 578
580 582
580 585
580 825
966 964
966 981
954 611
954 952
954 955
954 958
932 544
932 929
932 933
932 953
926 553
926 676
926 743
926 921
926 922
926 923
926 927
559 554
559 556
559 557
559 560
559 562
559 688
922 927
578 579
578 581
578 583
581 579
581 583
581 586
634 583
634 631
634 632
634 638
634 875
592 597
592 934
594 593
594 596
942 947
623 618
623 620
623 622
623 624
623 627
860 750
860 822
860 857
860 858
860 861
860 956
769 772
769 774
690 659
690 685
690 686
690 691
690 695
948 671
948 742
948 943
948 945
948 947
948 949
948 952
682 685
839 835
839 840
839 842
856 858
928 780
928 923
928 924
928 925
928 926
928 931
928 933
702 803
762 761
762 765
762 767
757 756
757 758
757 817
979 981
835 832
835 838
822 793
822 817
822 819
822 825
808 811
808 942
820 819
820 823
820 988
889 858
889 887
889 890
889 892
990 988
990 994
896 894
896 898
910 911
910 913
910 999
921 923
921 925
