0 40
0 48
0 49
0 712
0 854
0 604
0 75
0 816
0 224
0 327
999 967
999 970
999 974
999 981
999 990
999 991
999 998
2 40
2 49
2 50
2 426
2 685
2 359
2 747
2 216
2 869
2 449
2 182
3 156
997 638
997 648
997 960
997 972
997 973
997 974
997 977
997 978
997 980
997 981
997 982
997 989
997 993
997 996
997 999
996 36
996 43
996 193
996 987
996 998
995 43
995 160
995 734
995 762
995 767
995 952
995 957
995 958
995 962
995 965
995 970
995 971
995 972
995 982
995 985
995 989
995 994
995 999
994 32
994 39
994 92
994 115
994 498
994 507
994 753
994 960
994 967
994 974
994 987
994 996
991 33
991 36
991 38
991 92
991 145
991 155
991 267
991 279
991 320
991 352
991 980
991 981
991 982
991 990
991 998
10 53
10 135
10 743
10 311
10 553
10 443
10 237
990 967
990 969
990 977
990 985
990 987
990 989
990 998
11 128
989 21
989 30
989 31
989 36
989 38
989 94
989 297
989 697
989 796
989 896
989 943
989 965
989 996
988 841
988 922
988 941
988 945
988 958
988 960
988 962
988 966
988 967
988 972
988 980
988 981
988 982
988 985
988 990
988 994
988 999
987 219
986 43
986 176
986 238
986 432
986 457
986 572
986 945
986 950
986 960
986 962
986 972
986 981
986 995
986 997
986 999
983 23
983 24
983 30
983 84
983 115
983 355
983 444
983 657
983 775
983 934
983 941
983 950
983 969
983 982
983 989
982 30
982 371
982 443
982 520
982 540
982 557
982 744
982 749
982 763
982 781
982 935
982 960
982 962
982 965
982 966
982 987
982 996
982 998
19 40
19 43
19 48
19 979
19 976
19 975
19 974
19 66
19 971
19 970
19 170
19 348
19 244
19 109
19 596
19 892
19 164
19 592
19 110
19 641
19 89
19 879
19 455
19 842
19 920
19 293
19 135
19 28
19 660
981 60
981 403
981 584
981 896
981 941
981 967
981 987
981 998
980 987
980 998
979 13
979 17
979 23
979 66
979 260
979 499
979 638
979 684
979 834
979 933
979 937
979 945
979 950
979 957
979 974
979 981
979 985
979 987
979 995
979 997
979 999
978 20
978 23
978 219
978 353
978 427
978 497
978 615
978 830
978 867
978 868
978 873
978 935
978 941
978 942
978 943
978 958
978 961
978 964
978 966
978 968
978 969
978 972
978 973
978 980
978 985
978 989
978 996
978 999
27 71
27 582
27 503
27 904
27 775
27 361
27 386
27 740
27 351
27 397
27 713
27 821
27 753
27 672
973 8
973 13
973 20
973 142
973 167
973 301
973 318
973 618
973 625
973 781
973 840
973 943
973 945
973 960
973 962
973 965
973 967
973 972
973 974
973 976
973 982
973 985
973 990
973 994
973 996
973 998
28 76
28 979
28 238
28 120
28 671
28 261
28 123
28 801
28 570
28 115
28 148
28 205
28 829
28 309
28 632
28 196
972 405
972 661
972 700
972 840
972 925
972 934
972 941
29 846
971 56
971 142
971 193
971 284
971 393
971 470
971 493
971 926
971 927
971 942
971 945
971 949
971 960
971 962
971 969
971 972
971 974
971 981
971 985
971 987
971 996
30 144
970 8
970 11
970 53
970 195
970 695
970 873
970 925
970 934
970 950
970 991
970 994
970 996
969 926
969 941
969 943
969 967
968 5
968 186
968 228
968 371
968 626
968 645
968 737
968 894
968 922
968 927
968 932
968 958
968 962
968 965
968 969
968 971
968 977
968 981
968 983
968 988
968 990
968 994
968 996
968 999
967 179
967 243
967 327
967 340
967 738
967 796
34 203
34 592
966 5
966 13
966 21
966 66
966 258
966 284
966 445
966 452
966 596
966 648
966 677
966 680
966 850
966 926
966 927
966 941
966 960
966 987
966 998
35 809
35 427
35 477
35 867
35 961
965 567
965 612
965 725
965 770
965 917
964 8
964 13
964 428
964 985
964 994
37 391
37 787
37 247
37 788
37 470
37 199
37 150
37 602
962 985
961 9
961 102
961 160
961 195
961 259
961 273
961 695
961 837
961 849
961 922
961 945
961 960
961 965
961 971
961 977
961 982
961 985
961 987
961 989
961 994
961 999
960 353
960 395
960 512
960 985
41 187
959 5
959 41
959 86
959 397
959 512
959 544
959 589
959 695
959 733
959 746
959 941
959 950
959 960
959 962
959 974
959 981
959 983
959 987
959 991
959 993
959 995
959 997
959 999
958 5
958 914
958 920
958 967
957 39
956 1
956 39
956 64
956 640
956 689
956 828
956 912
956 932
956 934
956 941
956 942
956 945
956 962
956 967
956 995
46 167
46 102
46 62
46 775
954 3
954 132
954 159
954 219
954 439
954 661
954 680
954 832
954 855
954 922
954 925
954 967
954 977
954 980
954 984
954 988
954 990
954 992
954 994
954 998
47 217
47 915
47 973
47 206
47 711
47 407
47 587
47 131
47 255
47 750
47 708
47 144
47 569
953 63
953 159
953 194
953 210
953 252
953 409
953 906
953 914
953 915
953 926
953 941
953 991
953 993
953 997
953 999
952 71
952 384
952 453
952 512
952 533
952 606
952 917
952 920
952 923
952 925
952 927
952 967
952 996
952 998
397 192
397 193
397 344
397 364
397 384
397 420
397 428
397 441
397 445
397 697
333 187
333 362
333 364
333 382
333 658
333 530
333 749
333 573
333 622
333 367
333 488
333 775
894 89
894 192
894 273
557 89
557 128
557 586
557 593
557 599
557 611
557 660
689 322
689 340
689 441
689 661
689 688
689 712
829 155
829 316
829 791
829 807
829 834
829 842
829 844
829 846
829 848
829 850
829 854
829 857
829 859
829 862
829 865
829 868
829 872
829 874
829 878
829 912
829 888
829 911
829 838
387 350
387 415
387 423
387 425
387 430
387 433
387 435
387 917
387 569
387 606
387 835
387 648
387 805
387 939
387 484
211 177
211 187
211 251
211 256
211 259
211 329
211 807
211 347
211 432
211 519
211 550
211 523
338 400
898 175
898 441
898 447
898 615
898 646
898 858
898 878
898 906
858 40
607 86
607 428
607 971
607 879
293 105
293 251
293 278
293 292
293 299
293 302
293 305
293 307
293 311
293 313
293 315
293 317
293 320
293 323
293 326
293 332
293 335
293 337
293 341
293 703
293 381
293 734
293 558
293 994
293 588
293 975
293 459
293 538
293 955
577 66
577 179
577 600
577 602
577 605
577 611
577 614
577 620
577 622
577 741
577 891
577 850
577 895
577 928
69 274
768 593
768 739
768 794
768 799
768 802
768 805
768 807
768 809
768 811
768 815
768 852
768 871
768 887
713 670
713 681
713 688
713 701
713 723
713 735
713 737
713 739
713 743
713 749
713 753
713 757
713 759
713 905
713 826
713 992
713 846
713 907
826 439
826 832
826 867
826 870
826 872
826 875
826 920
826 984
237 156
237 217
237 268
237 270
237 274
237 276
237 833
237 715
237 899
237 896
237 708
237 533
237 580
237 799
237 667
237 995
237 716
854 563
854 593
854 816
854 817
854 834
854 838
854 858
854 863
854 891
854 894
854 896
854 903
854 976
854 911
677 11
677 314
677 643
604 84
604 114
604 159
604 192
604 236
604 338
604 414
604 567
604 578
604 582
604 611
604 614
604 623
604 626
604 635
604 638
604 640
604 643
604 645
604 648
604 651
604 986
604 951
604 744
604 757
604 816
383 92
383 347
383 364
383 376
383 393
383 395
383 400
383 403
383 407
383 410
383 414
383 416
383 425
383 428
383 430
383 465
383 585
383 468
75 461
75 633
75 232
75 422
75 255
598 362
598 439
598 550
598 567
598 576
598 603
598 606
598 611
598 615
598 617
598 621
598 623
598 626
598 628
598 630
598 634
598 636
598 639
598 643
598 645
598 647
598 934
598 697
598 764
816 9
816 30
816 409
937 11
937 135
937 193
937 229
937 231
937 234
937 347
937 360
937 461
937 858
937 898
937 900
937 914
937 920
937 941
937 967
937 985
587 206
587 290
587 332
587 334
587 352
587 403
587 567
587 570
587 582
587 589
327 36
998 969
998 985
993 958
993 962
993 970
993 973
993 980
993 982
993 988
993 989
993 990
993 996
993 999
992 701
992 881
992 950
992 960
992 969
992 972
992 985
992 995
992 997
992 999
12 49
12 155
14 176
14 403
14 911
14 409
14 236
14 251
14 769
14 854
18 63
18 64
18 66
18 637
18 609
18 345
18 85
18 622
18 350
18 691
18 362
18 653
18 711
18 840
18 655
18 217
18 911
20 158
25 110
25 554
25 535
25 658
25 885
25 302
977 21
977 23
977 175
977 187
977 201
977 496
977 527
977 725
977 874
977 932
977 945
977 960
977 998
26 283
26 86
26 949
26 922
26 859
26 588
26 747
26 552
976 6
976 17
976 21
976 102
976 115
976 270
976 310
976 344
976 487
976 660
976 680
976 735
976 745
976 763
976 933
976 934
976 941
976 942
976 943
976 950
976 958
976 962
976 964
976 971
976 972
976 977
976 983
976 985
976 988
976 991
976 995
975 8
975 9
975 13
975 21
975 22
975 239
975 292
975 340
975 788
975 926
975 927
975 932
975 945
975 960
975 966
975 974
975 977
975 980
975 983
975 985
975 987
975 990
975 995
963 8
963 312
963 322
963 550
963 659
963 878
963 937
963 945
963 950
963 962
963 967
963 977
963 981
963 983
963 985
963 987
963 992
963 996
963 999
42 39
42 415
42 69
42 447
42 218
44 84
44 337
44 229
44 617
44 376
44 268
955 346
955 386
955 493
955 623
955 629
955 642
955 728
955 759
955 917
955 920
955 943
955 965
955 967
955 969
955 971
955 975
955 977
955 983
955 985
955 988
955 990
955 995
955 997
955 999
509 360
509 555
509 858
496 400
670 1
670 410
87 133
87 158
87 210
87 657
87 405
87 250
87 850
270 1
270 32
916 1
916 473
916 609
916 868
916 876
916 880
916 881
916 896
916 906
916 945
916 951
916 953
916 955
916 957
916 959
916 962
916 964
800 177
800 576
800 823
800 834
800 840
800 842
800 845
800 848
800 937
800 850
800 991
646 159
646 167
646 452
569 1
569 521
569 522
569 532
569 545
569 550
569 589
569 600
569 606
569 618
569 781
569 715
892 40
892 76
892 198
892 300
892 850
892 855
892 858
892 863
892 868
892 876
892 880
892 891
892 894
892 896
892 902
892 905
892 909
892 913
892 915
892 918
892 922
892 925
892 930
892 933
892 935
892 938
892 940
892 968
51 639
51 301
51 532
51 367
51 516
51 190
51 157
366 159
366 344
366 472
399 21
399 324
399 360
399 364
399 384
399 443
399 445
399 447
399 585
399 627
399 623
399 469
399 840
399 639
399 545
404 364
404 409
404 420
404 428
404 433
404 435
404 438
404 440
404 442
404 446
404 448
404 451
404 582
404 963
404 510
404 698
404 648
404 552
404 754
568 11
568 352
568 985
255 284
255 298
255 300
255 303
255 716
255 750
255 461
255 556
255 564
255 502
255 968
255 462
255 491
255 570
255 758
255 732
255 386
753 89
753 723
849 77
849 111
849 222
849 236
849 452
946 149
946 260
946 420
946 778
946 884
946 901
946 906
946 912
946 914
946 915
946 917
946 920
946 922
946 926
946 927
946 934
946 941
946 943
946 967
946 985
946 987
946 994
946 950
675 1
675 89
675 437
675 657
675 721
675 724
675 792
675 980
675 742
675 985
770 630
806 199
806 332
806 498
440 1
440 8
507 66
507 128
888 20
888 23
888 125
888 218
888 915
888 919
888 921
888 925
888 927
888 930
888 933
888 936
936 144
936 722
936 740
936 743
936 996
326 8
326 128
326 215
326 278
326 368
326 630
326 410
326 406
326 985
326 973
326 495
15 787
15 844
15 485
15 803
15 529
15 731
984 472
984 490
984 558
984 571
984 606
984 676
984 739
984 901
984 935
984 945
984 947
984 949
984 956
984 959
984 960
984 961
984 962
984 963
984 964
984 965
984 968
984 970
984 971
984 973
984 975
984 976
984 985
984 988
984 990
984 994
984 997
974 199
974 257
974 298
974 300
974 322
974 368
974 384
974 613
974 686
974 820
974 934
974 950
974 969
974 985
974 998
31 274
471 226
471 440
471 518
108 5
108 442
108 584
426 403
426 409
426 447
426 465
426 467
426 470
426 474
426 732
426 477
426 972
426 623
426 669
426 889
426 438
709 17
709 105
709 978
685 661
685 906
685 747
685 941
442 231
442 394
442 395
442 403
442 407
359 71
359 175
359 324
359 350
359 935
359 444
359 638
359 371
359 694
359 775
359 823
359 762
659 93
659 114
659 615
659 618
659 623
659 646
659 652
747 76
747 701
747 712
747 717
747 722
747 735
747 829
747 802
391 3
391 6
391 439
391 818
391 933
391 992
391 652
391 889
391 753
391 710
391 842
391 488
216 177
216 190
216 210
216 214
216 218
216 220
216 224
216 226
216 228
216 234
216 236
216 238
216 240
216 242
216 244
216 246
216 249
216 253
216 255
216 258
216 260
216 264
216 807
216 780
216 895
216 362
216 371
216 701
216 995
216 800
216 692
216 541
869 3
869 427
869 495
869 544
686 61
686 169
686 468
686 540
686 660
686 670
449 84
449 149
449 360
449 362
449 420
449 423
449 425
449 440
449 498
449 921
449 576
449 883
449 811
449 792
68 265
68 738
68 421
182 219
182 301
182 769
182 976
182 644
182 758
182 256
182 713
182 233
182 905
182 731
725 111
725 149
725 257
725 490
725 522
725 688
725 701
52 234
52 218
52 335
52 94
52 747
681 3
681 4
948 912
948 915
948 922
948 926
948 977
948 986
948 989
948 992
948 996
948 985
452 420
842 804
842 807
842 906
269 3
269 220
269 228
269 328
269 461
269 828
269 782
850 62
850 393
850 832
137 89
137 102
137 167
137 177
137 688
137 466
137 882
137 390
137 779
524 89
524 624
428 179
589 16
589 114
480 89
480 447
480 452
480 656
480 817
591 199
591 279
591 407
591 567
591 586
591 589
591 605
591 609
591 612
591 614
591 617
591 620
591 622
591 624
591 626
591 633
591 738
591 981
140 158
571 618
571 602
414 187
838 156
942 8
942 33
942 125
942 135
942 167
942 194
942 218
942 445
942 906
416 231
416 250
416 364
738 362
738 701
738 702
738 776
738 778
738 780
738 782
738 786
738 837
773 3
773 43
773 76
773 133
773 645
773 804
773 891
773 956
184 142
184 187
184 214
184 227
184 683
184 509
184 436
184 734
184 972
184 741
184 241
184 802
184 354
184 251
466 425
466 440
466 746
622 40
622 58
622 102
622 657
622 660
622 670
197 673
197 465
197 376
197 464
197 762
698 144
698 251
698 652
698 653
698 661
698 735
698 737
698 739
698 743
698 746
698 972
698 770
698 982
698 775
698 790
698 762
698 781
698 968
698 699
698 817
907 119
907 231
907 378
907 462
907 496
907 574
907 582
907 733
907 858
907 863
907 876
907 878
907 891
907 906
907 938
907 941
907 944
907 946
907 949
907 951
907 953
907 956
907 978
172 21
172 142
172 159
172 187
172 213
172 215
172 217
172 221
172 528
172 939
172 661
172 374
172 712
172 742
172 580
172 456
172 353
172 936
172 378
172 225
172 470
172 868
918 961
918 963
918 990
918 944
905 142
905 376
905 418
905 423
905 457
905 680
905 766
905 858
905 869
905 876
905 878
905 880
905 887
905 896
905 898
905 901
905 910
905 912
905 914
905 916
905 919
905 921
905 923
905 925
905 931
905 933
905 939
905 942
905 944
905 946
905 949
905 952
905 994
905 968
325 4
325 292
325 298
325 312
325 324
325 340
325 352
325 360
325 637
325 657
325 494
515 513
515 541
515 543
515 546
515 548
515 551
515 553
515 556
515 560
515 563
515 626
515 599
515 867
515 928
515 965
515 624
448 403
448 407
448 409
448 428
448 442
448 447
448 474
448 484
448 488
448 490
448 493
448 495
448 844
448 805
448 527
448 615
448 607
448 854
448 671
294 298
294 300
294 312
294 318
294 327
294 329
294 332
294 335
294 341
294 705
294 349
294 993
294 386
294 810
294 966
294 449
294 878
294 381
294 937
540 270
540 350
915 900
79 193
79 894
79 320
79 506
502 459
502 507
502 512
502 520
502 523
502 527
502 529
502 532
502 535
502 538
502 540
502 543
502 545
502 548
502 551
502 618
502 977
502 668
502 936
502 993
502 808
502 915
564 58
564 234
564 567
564 597
564 599
564 603
564 606
564 612
564 838
564 836
564 975
564 722
564 681
153 155
153 345
153 948
153 841
153 350
153 895
153 751
153 466
429 409
711 670
711 672
711 681
711 695
711 717
711 740
711 743
711 755
711 759
711 966
711 970
221 177
221 250
221 314
221 332
221 806
221 259
221 277
221 979
671 769
45 695
45 783
45 533
45 327
54 298
54 930
54 387
54 189
54 548
54 578
54 910
772 128
772 308
772 403
772 702
772 723
772 726
772 728
772 729
772 735
772 743
772 757
309 5
309 24
309 270
309 278
309 426
309 915
309 836
309 963
309 742
309 696
309 407
309 962
309 516
309 723
309 719
301 40
560 5
560 115
560 425
560 545
560 578
560 603
560 605
560 719
461 312
461 490
461 503
679 5
679 53
679 186
679 262
679 442
679 465
679 533
289 5
289 278
289 472
289 512
289 672
289 572
362 159
463 5
463 272
463 490
463 499
463 503
463 506
463 508
463 510
463 791
463 654
463 837
463 776
463 589
463 975
463 598
821 135
821 343
821 428
821 589
821 676
821 781
821 788
821 790
821 816
821 819
821 823
821 828
821 830
821 833
821 836
821 838
821 841
821 843
821 846
821 850
821 854
821 856
821 860
821 862
821 865
821 867
821 869
821 824
821 990
626 5
626 39
605 170
605 190
605 239
605 576
605 618
817 5
817 121
817 192
817 408
817 420
817 512
817 520
817 533
165 49
165 142
165 175
165 187
165 199
165 206
165 210
165 321
165 765
165 851
165 653
165 856
165 703
165 789
165 597
165 910
165 920
563 5
563 23
563 291
73 215
73 422
73 322
73 136
73 957
73 300
73 268
73 872
73 644
393 5
692 335
692 420
692 472
692 533
692 611
692 643
692 648
692 653
692 702
692 723
692 737
692 739
692 775
692 924
692 832
692 838
692 823
692 745
434 5
434 71
434 503
434 984
434 897
434 875
434 817
434 805
434 705
458 440
458 442
458 504
458 847
458 532
458 771
458 563
458 841
458 674
458 466
458 777
472 5
472 452
322 5
322 71
762 744
762 749
762 810
762 923
762 922
762 866
55 40
55 89
55 93
55 102
55 125
55 347
55 325
55 829
55 369
185 158
185 914
185 875
185 844
185 774
481 86
481 119
481 217
481 310
481 440
481 459
481 493
481 497
481 513
481 519
481 521
481 523
481 525
481 528
481 530
481 819
481 963
481 686
481 796
481 979
481 589
288 274
288 472
288 357
288 473
288 739
288 646
288 438
927 6
927 138
927 167
927 338
927 896
927 901
927 906
927 915
927 922
733 40
733 130
76 138
525 227
525 870
525 936
525 740
525 868
525 986
525 807
525 978
619 272
619 582
619 586
619 589
619 636
619 642
619 645
619 647
619 650
619 652
619 654
619 656
619 658
619 660
619 662
619 664
619 667
619 729
619 931
619 880
135 89
135 102
258 64
258 292
258 298
258 300
258 306
258 432
258 314
258 722
258 442
258 518
904 6
904 187
904 300
904 695
904 750
904 863
904 868
904 884
904 895
904 906
904 922
904 931
904 933
904 935
904 937
904 940
904 944
904 948
904 951
904 953
168 119
168 133
168 142
168 158
168 159
168 167
168 175
168 177
168 190
168 193
168 198
168 200
168 210
168 314
168 412
168 836
168 722
168 407
168 322
168 691
168 745
168 332
168 631
168 374
168 976
116 102
745 6
745 114
745 142
321 6
321 272
321 274
321 278
321 284
321 292
321 312
321 322
321 340
321 360
321 367
321 394
321 757
321 978
321 685
321 751
321 590
321 494
321 794
321 879
765 445
765 468
765 735
765 745
765 994
765 890
765 774
765 862
841 6
841 9
841 23
841 102
841 189
841 278
841 643
841 832
247 931
247 928
247 835
247 409
247 761
584 49
584 186
584 215
584 423
584 550
579 240
579 250
579 291
579 314
931 23
931 360
931 900
931 922
931 956
931 959
931 962
931 964
931 966
931 968
931 973
931 976
931 978
928 967
928 972
928 977
928 948
126 472
126 778
126 675
126 702
856 823
856 834
856 838
856 849
856 858
856 901
856 904
856 997
934 545
264 217
264 220
603 7
603 170
603 432
430 400
430 629
180 133
180 226
180 228
180 322
180 415
180 902
180 904
180 950
180 320
180 453
180 588
739 179
739 190
739 615
739 664
739 717
737 122
737 193
737 198
737 240
737 355
737 450
737 605
737 606
737 688
737 695
737 700
737 726
737 735
737 749
302 40
302 142
302 324
302 520
302 806
302 873
302 734
302 439
570 257
570 324
194 32
194 177
862 84
862 397
862 441
862 447
862 522
862 823
862 834
862 837
862 855
862 863
862 869
862 880
862 882
862 884
862 886
862 888
862 890
862 894
862 896
862 898
862 901
862 903
862 905
862 907
862 910
862 973
901 89
901 146
901 204
901 231
901 383
901 416
901 470
901 516
901 642
901 689
901 715
901 869
901 880
901 900
901 906
539 71
539 132
539 493
539 503
539 504
539 518
539 521
539 545
539 550
539 576
539 586
539 791
539 646
539 970
539 787
539 951
209 177
209 231
209 238
209 250
209 252
209 927
209 658
209 277
209 548
209 324
209 441
209 815
209 564
209 904
209 395
57 40
57 273
57 487
57 176
57 504
57 823
235 8
235 272
235 274
235 634
235 570
235 277
235 873
911 600
911 850
911 869
911 873
911 887
911 960
911 962
348 132
348 324
348 384
348 670
348 664
780 8
780 306
432 32
432 384
432 400
432 407
938 8
938 967
938 981
938 983
938 986
938 945
543 43
543 96
543 228
543 263
543 504
543 541
543 550
543 570
543 572
543 578
543 580
543 582
543 586
543 666
543 750
543 658
543 645
543 982
543 964
543 941
555 219
555 400
555 532
473 440
662 661
662 695
662 711
662 765
662 815
662 757
662 682
662 665
86 40
86 53
506 340
506 376
506 540
506 545
506 554
506 839
506 797
506 612
506 899
506 906
506 708
526 159
526 219
526 497
526 532
526 567
526 569
526 571
526 573
526 575
526 867
526 642
526 649
526 797
526 625
526 674
832 541
875 899
875 902
875 905
875 907
875 911
875 916
875 919
875 921
875 923
875 941
875 994
908 9
908 114
908 160
908 224
908 297
908 378
908 456
908 624
908 723
908 823
908 880
908 956
505 9
505 24
505 105
505 270
505 459
505 493
505 497
505 504
505 512
505 521
505 527
505 531
505 533
505 540
505 545
505 547
505 551
505 891
505 559
505 868
505 918
505 930
505 854
505 896
505 646
505 680
505 819
552 9
552 593
552 638
552 709
125 102
534 9
534 71
534 115
534 579
534 629
534 617
534 894
534 936
534 742
534 701
548 9
548 292
548 582
548 584
548 593
548 603
548 641
548 804
101 102
101 130
101 981
101 448
101 710
101 728
101 346
101 137
101 972
101 547
665 9
665 200
665 206
665 694
665 700
665 712
665 818
665 861
665 992
665 865
82 130
786 9
786 739
786 749
786 755
633 672
633 681
120 102
120 873
120 908
120 627
120 505
120 403
706 272
706 276
706 347
706 533
706 805
83 336
83 431
83 142
83 522
83 188
83 944
83 534
561 605
151 102
151 114
151 133
151 167
151 170
151 175
151 177
151 186
151 190
151 194
151 198
151 468
151 582
151 754
151 937
151 670
151 511
151 692
151 451
151 531
151 647
151 664
241 177
241 228
241 251
241 259
241 262
241 268
241 273
241 283
241 290
241 432
241 459
241 348
241 895
241 359
241 315
241 744
241 740
241 701
241 742
657 228
372 350
372 525
372 657
372 840
372 896
372 659
372 427
616 576
616 582
616 584
616 589
616 615
616 641
616 648
616 652
616 658
616 661
616 718
616 967
590 284
590 376
590 603
590 615
590 618
590 625
590 627
590 629
590 632
590 635
590 637
590 639
590 965
590 741
590 927
590 679
590 949
932 334
932 884
932 906
932 915
932 917
932 920
796 21
796 69
796 108
796 215
796 234
796 274
796 352
796 620
796 733
796 749
796 757
252 53
252 217
663 257
663 541
663 570
663 615
663 701
663 734
500 11
500 226
500 452
500 582
500 880
500 898
500 915
743 717
411 84
411 469
411 555
411 579
311 350
311 360
553 276
553 504
553 513
553 541
553 570
553 594
553 598
553 600
553 602
553 679
553 755
553 727
553 731
553 575
484 32
484 493
484 533
484 787
443 130
443 220
443 226
443 400
522 86
522 176
522 262
522 362
522 364
642 24
642 290
642 593
642 629
642 630
642 641
642 646
642 648
642 652
642 657
642 659
642 661
642 666
642 672
642 678
642 686
642 688
642 735
642 673
799 540
742 21
742 130
742 400
742 775
742 777
742 779
742 781
742 783
742 786
742 788
742 866
742 923
742 956
94 49
94 89
94 284
94 567
550 105
550 132
791 199
791 201
791 273
791 425
923 16
923 77
923 327
923 350
923 472
923 679
923 682
923 876
923 884
923 922
923 927
487 11
487 81
487 498
487 503
487 528
487 717
487 900
487 745
487 524
487 644
454 409
454 440
454 913
454 890
291 36
876 11
876 48
876 62
876 220
876 318
876 335
876 382
357 198
357 250
930 11
930 12
930 49
930 63
930 759
930 891
930 898
930 906
930 914
930 962
930 964
930 967
930 969
930 972
930 976
128 39
687 11
687 114
687 115
687 157
687 410
687 643
687 646
687 688
687 718
687 720
687 722
687 726
687 729
687 731
687 734
687 736
687 844
687 846
687 991
687 884
687 853
59 49
59 56
59 64
59 66
59 69
59 71
59 81
59 85
59 91
59 94
59 96
59 98
59 100
59 103
59 106
59 108
59 296
59 917
59 950
59 364
59 169
59 470
59 226
59 587
59 275
59 90
59 665
59 510
59 178
61 86
61 93
61 102
61 193
61 312
61 201
61 403
61 576
61 545
877 189
877 224
877 327
877 345
877 410
877 660
877 672
877 834
877 838
877 868
877 896
877 900
877 919
877 922
877 924
877 926
523 744
523 743
523 614
672 395
866 24
866 195
866 272
866 278
866 498
866 823
866 832
866 834
254 217
254 274
254 284
254 292
254 300
254 452
254 503
254 795
254 671
254 832
254 335
254 875
254 387
254 901
254 780
117 115
117 128
117 130
117 132
117 141
117 143
117 147
117 151
117 153
117 156
117 158
117 160
117 163
117 166
117 692
117 766
117 275
117 359
117 291
117 842
117 777
117 648
117 505
117 921
117 803
117 332
695 198
597 32
597 291
597 312
597 324
597 586
597 641
597 646
597 694
460 96
460 116
460 132
460 167
460 504
460 578
750 41
750 128
750 257
750 259
750 469
750 626
395 53
303 318
303 320
303 324
303 332
303 334
303 345
303 347
303 350
303 352
303 371
303 513
303 793
303 884
303 641
542 33
542 198
542 224
542 490
542 493
542 497
542 521
542 532
542 576
542 589
542 736
542 896
542 780
542 726
947 63
947 498
947 985
947 987
947 996
882 96
882 217
882 264
882 485
882 513
882 858
882 900
882 906
882 914
882 922
882 924
882 927
882 929
882 992
283 250
283 318
283 320
283 322
283 367
283 470
203 21
203 43
203 177
203 400
203 429
483 522
483 532
113 864
113 823
113 606
155 130
595 13
595 136
595 194
595 376
595 393
595 582
595 589
595 611
595 633
595 637
595 641
595 643
595 810
595 869
595 886
595 724
595 725
595 954
909 102
909 289
909 522
909 657
909 863
909 869
909 891
909 900
909 906
909 922
909 944
909 949
909 953
909 955
909 958
703 132
703 210
703 688
703 695
703 712
703 717
703 721
703 724
703 730
703 736
703 745
703 750
703 841
703 783
703 968
703 704
774 219
774 334
774 729
774 749
774 791
774 823
782 745
782 749
825 943
825 924
495 13
495 130
495 138
495 447
495 459
244 437
730 13
730 58
730 226
730 423
730 432
730 499
730 637
730 681
730 717
730 722
730 774
730 776
730 778
730 806
730 869
730 898
78 53
78 89
78 115
78 968
78 182
78 604
78 764
78 749
78 639
78 356
78 252
78 692
78 457
78 243
719 118
719 512
719 522
719 567
746 13
746 128
746 248
746 335
746 556
746 723
746 789
746 791
246 292
246 688
246 661
246 893
246 628
246 414
246 297
246 385
566 115
566 130
566 532
566 541
566 582
566 584
566 586
566 599
566 602
566 605
566 612
566 615
566 917
566 998
566 927
566 881
566 869
566 792
566 824
566 788
945 13
945 125
945 291
945 301
945 314
945 395
945 459
945 499
945 520
945 702
945 816
945 900
945 985
830 115
830 301
830 332
830 364
830 764
830 804
830 849
632 124
632 145
632 646
632 648
632 652
632 655
632 659
632 664
632 666
632 677
632 680
632 914
632 947
632 934
632 993
261 24
261 40
261 220
261 306
261 310
261 980
261 502
261 915
261 828
261 588
261 755
261 647
261 382
261 359
147 338
147 528
147 563
147 241
147 197
582 198
848 56
848 152
848 807
848 880
848 891
848 895
848 899
171 40
171 541
641 39
641 77
641 239
641 382
641 414
641 603
545 49
545 53
176 133
885 188
885 615
885 845
885 863
885 869
885 876
885 896
885 900
885 919
885 922
885 924
885 926
885 928
885 930
885 932
885 934
403 53
754 56
754 224
754 240
754 279
754 338
754 476
754 573
754 602
754 712
754 719
754 724
754 789
754 791
754 793
754 796
754 930
754 990
754 804
754 816
754 776
236 133
236 272
236 274
236 278
899 670
899 766
899 780
899 863
899 880
899 884
899 896
769 160
769 217
769 263
769 338
769 586
769 637
769 722
769 724
769 744
769 749
769 757
769 770
769 781
769 789
769 793
769 795
769 798
769 800
769 802
769 804
769 809
769 812
769 815
769 817
769 874
769 945
365 324
365 327
365 360
365 368
365 382
365 384
365 403
365 408
365 411
365 414
365 793
365 848
365 794
365 552
365 450
365 711
365 650
365 545
808 407
808 497
808 807
808 823
808 832
808 853
808 856
808 976
808 884
808 941
808 895
643 368
643 499
346 425
614 576
614 582
614 615
614 641
614 643
614 648
614 652
614 655
614 658
614 661
837 63
837 367
837 472
837 661
852 96
852 124
852 142
852 238
852 443
852 527
852 823
852 838
852 861
852 863
852 867
852 870
852 874
852 876
852 881
852 883
852 887
852 889
852 891
852 894
852 896
852 900
852 999
777 206
777 384
777 415
777 743
777 744
777 745
777 749
777 753
777 755
777 767
777 774
777 782
777 784
777 791
777 793
777 795
777 807
777 818
777 823
777 887
777 797
649 167
649 210
649 217
649 228
649 259
649 273
649 555
649 677
649 681
649 684
649 686
649 688
649 694
649 698
649 728
649 885
910 341
910 353
910 489
910 568
910 585
910 715
910 724
910 796
910 810
910 823
910 868
910 896
910 898
910 901
910 915
910 917
910 920
910 922
910 925
910 927
910 940
910 944
910 947
910 950
910 953
910 986
910 957
787 133
787 835
787 949
787 960
787 993
844 318
844 807
844 832
844 892
844 948
844 913
844 996
314 38
803 114
803 215
803 220
803 231
803 259
803 279
803 518
803 521
803 540
803 767
803 832
803 998
803 878
803 968
276 43
276 71
276 133
276 228
529 77
529 138
529 160
529 263
529 423
529 493
529 521
529 541
529 550
529 555
529 559
529 566
529 568
529 570
529 575
529 577
529 687
529 714
529 701
529 816
676 115
731 193
731 312
731 327
731 400
731 420
731 556
731 688
731 701
731 770
731 778
731 780
731 974
731 829
731 805
731 846
65 71
65 84
65 89
65 93
65 98
65 101
65 105
65 107
65 111
65 114
65 363
65 422
65 619
65 789
65 845
65 189
65 584
65 382
65 164
65 989
65 829
152 39
152 167
131 89
131 158
131 160
131 167
131 176
131 400
131 410
131 610
131 286
131 616
131 935
131 727
920 573
920 678
920 723
920 783
920 881
920 896
556 124
556 187
556 201
556 518
556 521
556 541
556 629
425 158
425 231
425 252
834 84
370 16
370 507
370 512
370 570
370 686
889 40
889 195
889 348
889 370
889 440
889 466
889 568
889 617
889 625
889 658
889 849
889 855
889 863
889 900
889 906
889 910
889 914
889 918
889 921
889 923
889 926
889 929
889 931
889 934
889 937
282 251
282 675
282 420
282 893
282 820
282 720
282 554
282 434
282 979
639 679
639 686
639 740
639 755
639 931
328 376
328 518
328 441
328 570
328 776
328 592
328 470
328 586
328 958
903 121
903 407
903 648
903 733
903 878
903 896
903 900
903 906
903 914
903 939
903 943
903 945
903 947
903 949
903 951
903 981
903 993
897 84
897 615
897 772
897 863
897 873
897 876
897 880
897 881
897 884
897 891
897 926
897 933
897 935
897 937
897 940
897 945
897 951
532 16
748 16
748 135
748 212
748 322
748 338
748 355
748 358
748 427
748 659
748 702
748 788
748 790
864 17
864 105
864 263
864 618
864 678
864 712
864 823
864 834
864 908
864 910
864 913
864 916
864 948
655 284
655 332
655 615
740 66
740 177
740 695
740 702
740 712
740 724
277 17
277 335
277 462
277 418
277 737
298 56
298 119
167 39
690 17
690 177
690 332
690 646
690 718
690 721
690 725
690 727
690 731
690 734
690 736
690 738
690 888
690 756
690 903
690 901
668 714
668 716
668 748
668 832
860 17
860 92
860 228
860 544
860 838
860 858
860 878
860 899
860 901
860 907
860 909
860 948
565 228
565 653
565 751
565 961
736 17
736 115
736 332
736 340
736 360
736 701
736 702
736 985
267 541
933 17
933 64
933 891
933 896
933 898
933 901
933 914
933 922
342 589
342 521
160 142
388 384
388 447
388 589
388 551
388 574
388 535
388 918
218 393
91 115
91 128
91 135
91 138
91 524
91 233
91 343
91 553
91 897
91 332
91 445
91 846
423 384
423 400
950 17
950 340
950 922
950 926
950 927
880 20
880 150
880 370
880 415
880 594
880 600
880 679
880 775
880 868
880 985
67 340
67 245
67 207
67 763
67 685
67 450
67 944
611 30
611 219
611 228
822 38
822 898
812 50
812 352
812 766
812 781
812 788
812 807
812 832
812 849
812 858
812 860
812 998
812 902
637 234
637 440
637 504
609 136
609 259
609 493
609 657
127 432
127 466
127 258
127 410
127 241
127 282
127 658
127 571
127 854
127 301
127 886
287 322
287 327
287 334
287 450
287 295
287 587
287 381
287 959
287 585
85 405
85 851
85 850
85 192
531 187
531 643
350 62
350 177
350 292
389 252
389 301
389 344
389 360
389 364
389 407
389 423
389 896
389 647
389 797
389 924
389 855
389 645
389 482
691 190
691 327
691 353
691 660
691 661
691 736
691 739
691 908
694 71
694 263
694 338
694 646
694 661
814 144
814 291
814 380
814 862
814 873
814 974
814 903
840 214
840 368
840 532
373 291
373 384
373 407
373 409
373 420
373 681
373 761
373 917
373 678
373 381
373 918
513 81
513 125
513 161
513 353
304 350
304 352
304 799
304 834
304 495
304 604
304 955
304 385
304 872
304 805
170 24
170 142
943 367
943 593
943 898
943 900
943 914
943 917
943 920
318 32
318 274
613 133
613 340
109 306
109 252
109 986
109 967
109 237
109 921
109 316
596 190
596 364
596 866
164 520
164 380
164 400
164 729
638 218
638 312
638 316
592 156
592 353
592 440
592 447
592 640
592 907
592 680
592 894
624 89
624 190
624 655
624 659
624 661
624 717
110 700
110 829
437 257
437 400
879 234
879 268
879 407
879 459
879 906
879 920
879 924
879 926
879 986
879 883
879 929
455 425
455 439
455 452
455 462
455 464
455 467
455 469
455 471
455 473
455 475
455 477
455 479
455 484
455 486
455 488
455 491
455 494
455 498
455 500
455 502
455 504
455 754
455 845
455 602
455 941
455 917
307 158
307 278
307 292
307 324
307 334
307 338
307 343
307 347
307 350
307 352
307 354
307 356
307 857
307 933
307 683
307 499
307 970
307 580
307 722
307 364
859 256
859 345
859 832
859 837
859 849
859 878
859 880
859 893
859 896
859 898
859 900
859 902
859 905
859 932
859 916
368 442
660 48
660 629
660 641
617 652
617 659
617 661
617 666
617 858
226 63
669 20
669 248
669 382
669 520
669 701
669 707
669 709
669 713
669 716
669 718
669 831
669 891
669 849
827 140
827 499
827 686
827 782
827 788
827 791
827 793
827 817
827 832
827 834
827 858
827 993
827 916
827 881
827 899
627 262
627 603
627 618
627 626
627 630
627 637
627 641
627 659
627 662
627 665
627 667
627 672
627 675
627 717
627 794
627 793
627 726
627 853
627 806
763 314
763 407
763 599
763 603
763 723
763 735
763 804
763 806
763 809
763 898
279 39
714 217
714 264
714 329
714 393
714 582
714 861
699 20
699 218
699 312
699 490
699 521
699 660
699 670
699 688
699 745
699 816
699 838
699 784
699 761
705 723
705 733
705 736
705 738
705 740
705 746
705 753
705 879
705 969
705 941
705 884
705 758
705 781
464 513
464 652
464 806
464 610
464 582
464 741
503 175
70 139
70 962
70 457
70 346
70 828
70 888
70 541
183 190
183 198
183 215
183 217
183 226
183 231
183 967
183 250
183 855
183 609
183 755
183 364
183 766
183 924
183 810
486 81
486 259
486 439
486 442
486 452
486 945
486 934
486 852
486 593
486 837
486 929
315 217
315 274
315 332
315 334
315 338
315 345
315 347
315 353
315 362
315 630
315 560
315 996
315 515
315 805
315 407
315 689
74 40
74 53
74 650
74 374
74 411
476 21
476 66
476 144
476 228
265 138
265 306
265 922
265 476
265 666
265 557
265 614
265 800
265 825
265 883
265 976
265 627
305 270
305 312
305 324
305 345
305 352
305 545
305 624
305 660
305 948
305 609
305 797
401 156
401 384
401 400
401 407
401 409
401 440
401 751
401 575
401 770
401 509
804 176
804 243
804 267
804 300
804 353
804 586
804 670
804 735
735 160
735 324
735 629
735 658
735 688
917 142
917 231
917 301
917 332
917 344
917 416
917 532
935 318
935 352
935 922
935 941
935 967
80 40
80 49
80 62
80 89
80 96
80 102
80 114
80 116
80 121
80 350
80 316
80 195
80 939
80 890
467 423
467 428
381 344
381 407
381 409
381 422
381 427
381 887
381 952
381 530
381 619
381 773
381 733
381 994
381 927
381 942
710 342
710 550
710 661
710 688
710 743
710 750
710 910
710 863
508 119
508 423
508 445
508 459
508 493
508 541
508 645
508 647
163 407
163 332
163 335
163 880
163 479
284 115
284 228
284 251
207 217
207 220
207 238
207 240
207 242
207 245
207 247
207 249
207 252
207 255
207 358
207 605
207 937
207 909
207 284
207 534
207 538
207 815
207 711
207 672
741 344
741 522
741 541
741 578
741 700
741 701
741 717
741 722
741 744
741 764
741 767
741 774
741 778
741 780
741 786
741 788
741 818
775 56
775 393
775 432
775 745
775 823
700 32
181 272
181 982
181 964
181 832
181 772
181 369
181 904
181 901
375 259
375 278
375 327
375 334
375 335
375 347
375 376
375 382
375 384
375 394
375 407
375 409
375 840
375 834
375 799
375 862
375 704
375 953
375 876
375 569
375 687
375 570
501 53
501 138
501 532
501 540
501 605
501 726
744 701
744 702
853 23
853 77
853 128
853 342
853 393
853 410
853 430
853 676
853 832
853 849
853 869
853 876
853 896
853 888
559 84
451 114
451 251
451 474
451 493
451 497
451 951
451 710
451 758
451 739
451 501
451 850
451 902
451 834
208 292
208 364
208 591
208 304
208 798
208 294
818 23
818 262
818 350
818 364
818 442
431 425
431 440
431 447
431 476
431 730
431 518
431 615
431 940
431 702
431 895
431 738
431 673
431 510
146 220
682 641
682 643
682 646
682 783
300 364
300 320
213 227
213 231
213 243
213 246
213 248
213 251
213 253
213 255
213 260
213 921
213 566
213 304
213 797
213 499
213 710
213 875
213 257
514 493
514 748
788 23
788 177
788 392
788 405
788 425
788 578
788 582
788 630
788 640
788 686
788 739
788 749
72 84
72 89
72 93
72 102
72 105
72 108
72 112
72 114
72 116
72 118
72 120
72 343
72 732
72 381
72 412
72 662
72 535
72 728
72 174
72 537
72 207
72 425
415 89
575 24
575 144
575 532
575 545
575 603
575 606
575 612
575 614
575 622
575 624
575 640
575 695
575 702
575 804
575 977
615 24
583 541
583 545
583 567
583 576
583 623
583 630
583 737
583 999
583 845
583 958
583 973
266 24
266 71
895 38
895 130
895 138
895 440
895 493
785 24
785 116
785 192
785 273
785 347
785 531
785 533
785 555
785 744
785 745
785 784
785 791
785 793
785 805
785 807
785 809
785 812
785 814
785 816
785 819
785 823
785 825
785 827
785 831
785 833
785 875
785 884
196 24
196 158
196 177
196 370
196 838
196 775
285 39
285 315
285 317
285 319
285 322
285 326
285 330
285 334
285 538
285 707
285 741
285 655
285 984
285 638
285 584
285 690
232 187
232 220
232 231
232 251
232 263
232 268
232 274
232 276
232 279
232 846
232 984
232 998
232 887
232 765
232 783
232 481
232 743
232 695
232 762
355 312
355 324
554 189
554 382
535 84
535 263
535 554
535 559
535 563
535 570
535 582
535 584
535 918
535 859
535 908
535 977
535 995
535 703
535 825
535 920
658 643
674 96
674 428
674 442
674 589
674 661
674 680
674 684
674 694
674 696
674 698
674 704
674 707
674 711
674 715
674 719
674 721
674 723
674 767
674 969
674 764
674 908
674 731
572 114
794 248
794 279
794 407
794 439
794 567
794 602
794 840
222 453
406 488
406 667
406 921
406 531
406 457
406 969
406 627
949 53
949 69
949 161
949 171
949 195
949 513
949 580
949 622
949 646
949 810
949 816
949 900
949 914
949 920
949 985
949 998
588 637
588 717
588 757
588 722
588 748
588 843
779 140
779 248
779 273
779 524
779 533
779 572
779 681
779 736
779 743
779 745
779 753
779 766
779 770
779 776
779 781
779 785
779 787
779 789
779 791
779 794
779 796
779 799
779 802
779 805
779 807
779 810
779 813
779 815
779 818
779 821
779 825
779 827
779 994
867 251
867 298
867 314
867 490
867 501
867 863
867 901
867 912
867 914
867 934
867 945
891 318
891 469
891 499
421 409
421 843
421 637
421 665
421 445
421 495
361 105
361 114
361 177
361 624
361 540
361 910
361 757
361 654
361 904
599 81
599 116
599 350
599 409
599 589
599 643
599 645
599 648
599 660
599 658
386 384
386 637
831 133
831 791
831 793
831 807
831 817
831 818
831 838
831 841
831 850
831 852
831 854
831 856
831 858
831 861
831 867
831 869
831 872
831 874
831 877
831 879
831 924
831 882
351 324
351 578
351 563
351 885
351 836
351 903
149 49
374 133
374 344
374 350
374 364
374 393
374 409
374 415
374 420
374 624
374 846
374 658
374 629
618 48
618 53
618 306
618 364
618 420
280 38
280 505
280 752
280 944
280 713
280 810
123 210
123 227
123 134
123 234
123 859
354 393
354 400
354 403
354 988
354 960
354 585
801 423
801 849
801 924
759 243
759 279
759 653
759 804
148 40
148 312
148 489
148 309
148 610
651 105
651 214
651 353
651 425
651 441
651 442
651 700
651 892
651 756
651 777
651 867
205 84
205 156
205 215
205 217
205 238
205 250
205 578
205 428
205 700
205 283
205 818
205 559
205 660
205 984
205 810
205 363
205 846
166 214
166 281
166 251
166 387
166 950
166 515
166 713
166 923
166 498
166 883
166 840
166 656
166 328
809 152
809 263
809 781
809 782
809 804
809 832
751 778
751 781
751 791
751 796
751 799
751 866
520 30
520 89
520 264
520 338
520 441
811 116
811 199
811 471
811 472
811 764
811 767
811 770
811 782
811 784
811 791
811 804
811 817
811 830
811 834
811 838
811 840
811 842
811 845
811 849
811 851
811 854
811 859
811 919
811 950
581 152
581 403
581 465
581 541
581 572
581 589
581 597
581 599
581 606
581 608
581 615
581 618
581 623
581 625
581 628
581 630
581 800
581 883
581 923
581 992
581 691
824 63
824 283
824 432
824 531
824 578
824 739
824 781
824 793
824 855
824 858
824 861
824 868
824 877
424 292
424 403
424 465
424 467
424 470
424 473
424 530
424 918
424 789
424 945
424 736
424 887
424 432
313 324
313 344
313 352
313 425
313 555
313 816
313 832
313 638
313 855
846 132
846 179
846 322
846 403
846 447
846 602
846 644
846 702
846 804
846 817
846 834
846 944
846 992
815 322
815 362
815 767
815 782
815 791
815 793
815 804
815 807
815 817
815 850
815 863
815 878
815 865
815 959
815 889
512 274
512 407
512 493
512 545
512 518
512 618
512 531
308 40
308 81
308 128
308 272
308 274
281 559
281 821
281 674
281 864
281 498
281 545
223 177
223 264
223 267
223 270
223 809
223 469
223 570
223 645
223 684
223 931
223 778
223 605
223 532
606 228
606 251
606 292
606 567
606 578
606 584
606 646
606 652
606 614
528 128
528 210
528 570
528 572
580 567
661 334
88 39
88 40
88 53
88 93
88 109
88 111
88 114
88 117
88 120
88 122
88 124
88 128
88 130
88 133
88 135
88 137
88 139
88 258
88 629
88 948
88 786
88 195
88 102
88 528
88 202
88 336
752 360
752 712
752 717
752 724
752 726
752 777
752 779
752 781
752 783
752 786
752 790
752 793
752 795
752 797
752 799
752 801
752 958
752 987
593 84
766 158
766 170
766 420
766 437
766 541
766 600
766 614
890 31
890 218
890 299
890 366
890 516
890 664
890 858
890 868
890 869
890 876
890 878
890 917
890 919
890 921
890 925
890 928
890 931
890 933
890 936
890 982
890 995
229 278
919 39
919 490
919 580
919 586
919 587
919 873
919 880
919 884
919 891
919 900
919 906
919 943
919 945
919 947
919 949
919 952
919 954
919 959
919 961
919 964
919 966
723 31
723 129
723 161
723 292
723 300
723 453
723 681
819 31
819 42
819 116
819 210
819 310
819 416
819 467
819 623
819 646
819 697
819 770
819 772
819 774
819 778
819 784
819 788
819 790
819 794
819 798
819 800
819 802
819 805
819 806
819 808
819 809
819 815
819 820
819 824
819 826
819 828
819 830
819 834
819 836
819 839
819 842
819 845
819 848
819 851
819 858
819 862
819 865
819 867
819 911
722 340
418 32
418 62
418 144
418 156
418 217
418 376
726 32
726 327
726 611
726 678
726 695
726 717
337 687
337 672
336 220
336 344
336 362
336 368
336 858
336 501
336 671
336 766
336 695
336 524
336 893
292 32
647 32
647 76
647 96
647 503
647 582
647 603
647 615
647 637
647 648
647 655
647 660
647 664
647 670
647 672
647 674
647 677
647 684
647 686
647 690
647 693
647 695
647 779
647 818
647 675
647 681
647 871
647 718
573 659
504 32
504 53
793 82
793 190
793 224
793 382
793 460
793 499
793 745
621 119
621 778
621 909
621 853
621 999
245 292
245 343
245 465
245 630
245 408
245 384
245 707
263 49
377 144
377 420
377 425
377 711
377 563
517 50
517 214
517 513
517 555
517 559
517 561
517 563
517 570
517 811
720 133
720 452
720 652
720 678
720 695
720 702
720 722
720 727
720 729
720 731
720 734
720 736
720 739
720 741
720 743
720 746
720 750
720 752
720 755
720 757
720 759
720 763
720 765
720 768
720 796
720 807
716 40
716 141
716 327
716 637
716 670
716 701
716 749
716 755
716 757
716 761
716 764
716 974
716 861
716 976
716 793
716 803
620 227
620 268
620 485
620 533
620 593
620 600
620 603
620 615
620 618
620 652
620 655
620 659
620 661
620 666
620 722
497 226
497 327
732 64
732 82
732 124
732 311
732 312
732 320
732 347
732 378
732 428
732 652
732 695
732 702
732 717
732 722
732 723
732 778
732 780
732 907
644 187
644 217
644 318
644 550
644 603
157 306
317 611
317 629
317 759
317 809
925 405
925 510
925 576
925 587
925 666
925 743
925 878
925 881
925 887
925 906
925 915
925 917
925 920
925 922
893 376
893 409
893 410
893 416
893 437
893 567
893 719
893 816
893 849
893 878
893 928
893 931
893 934
893 937
893 942
893 959
521 98
521 210
521 228
521 493
271 292
271 298
271 300
271 306
271 311
271 315
271 320
271 969
271 731
271 863
271 716
271 611
271 932
271 943
271 831
178 133
178 142
178 198
178 210
178 215
178 217
178 220
178 226
178 364
178 725
178 468
178 797
178 718
178 964
178 527
200 177
385 376
385 393
385 395
385 403
385 407
385 420
385 428
385 758
385 492
385 493
385 935
385 503
385 468
385 996
385 946
385 928
385 690
385 602
385 933
385 514
757 227
757 301
757 384
757 450
757 724
427 384
477 116
477 132
477 447
477 521
477 898
477 617
477 728
477 748
477 850
477 706
477 552
477 875
249 842
249 713
249 337
249 832
249 547
249 879
124 320
124 300
121 89
784 158
784 468
707 36
707 49
707 86
707 259
707 312
707 637
707 645
707 661
707 664
707 670
707 672
707 678
707 681
707 688
707 700
707 712
707 724
707 729
707 739
707 745
707 752
707 754
707 827
707 885
707 890
527 36
527 93
792 36
792 465
792 624
792 749
792 755
792 766
792 770
792 790
792 791
792 807
792 818
792 820
792 823
792 827
792 832
792 835
792 837
792 840
792 877
792 963
792 976
792 848
792 954
143 190
143 194
143 658
212 428
323 312
323 340
323 345
323 347
323 364
323 542
323 393
323 820
323 728
323 897
450 179
450 220
450 409
450 415
95 130
95 132
95 136
95 138
95 140
95 144
95 584
95 204
95 591
95 869
95 820
95 761
95 944
95 582
95 705
95 852
95 770
95 515
95 548
536 119
536 252
536 318
536 350
536 570
536 576
536 924
536 860
536 817
536 604
536 833
536 848
470 423
470 447
459 38
459 81
459 189
459 215
459 318
459 428
749 384
749 407
162 400
162 640
162 925
162 333
162 851
162 292
369 38
369 415
369 539
369 605
369 581
807 38
807 84
807 226
807 300
807 394
807 504
103 53
103 89
103 133
103 477
118 89
118 102
574 176
574 340
574 382
574 428
574 550
574 623
538 513
538 578
538 585
538 587
538 645
538 702
538 825
538 594
538 961
538 648
154 982
154 651
154 467
154 466
154 807
154 653
836 38
836 62
836 866
836 868
836 873
836 875
836 877
836 880
836 883
836 981
836 940
836 913
836 953
419 400
419 409
419 452
419 462
419 468
419 942
419 874
419 872
419 861
419 762
419 533
519 39
519 490
519 493
519 497
519 499
519 507
519 518
519 522
519 527
519 532
519 546
519 550
519 555
519 559
519 666
519 806
519 672
519 750
519 796
296 316
296 324
296 329
296 336
296 338
296 340
296 342
296 344
296 677
296 706
296 597
296 824
296 899
296 805
296 869
296 809
296 410
296 963
296 692
296 657
499 39
499 541
558 195
558 219
558 900
558 700
558 898
558 870
758 39
758 606
758 640
758 661
758 712
758 717
758 719
758 723
758 726
758 735
758 774
758 779
758 781
758 784
758 787
758 790
758 793
758 795
758 797
758 801
758 805
758 981
142 40
823 40
823 122
823 140
823 273
823 362
823 497
823 722
823 782
823 791
855 461
855 570
855 585
855 664
855 858
855 868
701 132
468 187
789 132
789 301
789 338
789 447
789 513
789 782
789 828
789 832
789 834
789 838
781 194
781 504
781 594
783 40
783 327
783 347
783 400
783 755
783 828
783 830
783 832
783 788
90 401
90 207
90 906
286 130
286 250
286 724
286 501
286 800
173 217
173 533
173 453
173 700
173 324
173 681
173 613
173 663
173 897
438 469
438 474
438 485
438 697
438 930
438 752
438 949
843 105
843 220
843 823
843 858
843 880
843 884
843 894
104 102
104 114
104 140
104 143
104 145
104 147
104 151
104 153
104 901
104 507
104 540
104 497
104 753
104 967
104 469
104 512
104 421
104 712
104 958
444 115
444 292
444 440
444 753
444 712
724 262
724 445
724 550
330 352
330 360
330 362
330 368
330 371
330 376
330 378
330 504
330 730
330 429
330 389
330 636
330 350
330 826
330 542
704 324
704 345
704 660
704 701
704 751
704 941
704 782
417 384
417 560
417 484
417 786
380 220
380 425
886 43
886 470
886 784
886 789
886 849
886 858
886 868
886 878
886 915
886 917
886 932
886 920
693 43
693 49
693 64
693 755
693 854
921 932
204 43
204 158
204 159
204 231
204 250
204 284
204 345
764 130
625 43
625 586
625 615
625 672
625 790
422 43
422 376
422 453
422 462
422 467
422 470
422 735
422 584
422 868
422 517
422 534
636 615
636 629
636 630
636 638
636 640
636 644
636 646
636 650
636 654
636 657
636 659
636 661
636 664
636 666
636 668
636 673
636 675
636 678
636 680
636 683
636 685
636 793
636 753
636 924
636 825
636 750
398 62
398 170
398 219
398 318
398 350
398 779
398 662
398 732
884 158
884 838
884 868
650 125
650 278
650 615
650 643
650 678
650 686
650 694
650 698
650 893
650 875
650 979
696 89
696 364
696 652
696 660
696 670
696 722
696 724
696 726
696 735
696 740
696 744
696 996
696 789
696 751
376 115
376 210
376 250
376 251
376 274
610 64
610 71
610 86
610 175
610 642
610 644
610 652
610 655
610 659
610 776
610 854
610 711
929 322
929 613
929 757
929 784
929 795
929 817
929 896
929 971
929 974
929 989
667 198
667 270
667 322
667 701
667 709
667 711
667 716
667 935
667 706
299 130
828 142
828 194
828 210
828 368
828 670
828 823
828 832
106 360
106 199
106 357
106 335
871 453
871 823
871 906
871 908
871 910
871 912
871 914
871 918
871 920
871 933
871 921
174 142
174 324
174 677
174 508
174 583
174 403
174 679
174 653
562 186
562 606
562 610
562 934
562 909
562 693
562 735
562 911
562 964
562 826
562 723
394 177
394 189
394 231
394 364
394 384
379 405
379 408
379 410
379 412
379 414
379 416
379 418
379 420
379 422
379 424
379 426
379 428
379 795
379 908
379 825
379 957
379 453
379 958
379 660
379 761
802 60
802 483
802 676
802 781
802 816
802 818
802 832
802 834
802 839
802 843
802 846
802 849
802 907
802 914
413 116
413 268
413 364
413 409
413 440
413 447
413 456
413 458
413 461
413 599
413 756
413 784
413 794
413 776
413 718
413 770
413 497
413 513
708 130
708 739
708 743
708 745
708 755
708 757
708 980
708 724
97 89
97 102
97 128
97 130
97 135
97 592
97 226
97 966
97 421
97 998
97 633
97 761
97 314
97 272
97 845
97 591
939 560
939 648
939 725
939 891
939 895
939 898
939 901
939 906
939 914
939 917
939 920
939 941
939 950
939 970
939 975
939 977
939 981
939 985
939 987
248 62
717 195
717 262
717 270
457 493
457 497
457 532
141 190
790 62
790 244
790 447
790 694
790 755
537 425
537 778
537 672
537 589
537 935
537 642
537 800
608 49
608 187
608 301
608 603
608 615
608 618
608 630
608 640
608 644
608 646
608 648
608 650
608 653
608 907
608 874
608 970
608 919
608 871
608 784
865 49
865 366
865 507
865 828
865 838
865 849
865 858
865 868
865 898
865 900
865 902
865 904
865 906
865 908
865 910
865 912
865 932
865 918
99 259
99 712
99 363
99 788
99 452
99 863
551 195
551 273
551 447
551 513
551 541
551 624
339 130
339 350
339 360
339 362
339 367
339 376
339 380
339 382
339 386
339 388
339 647
339 954
339 819
339 511
339 645
339 519
339 707
339 945
873 62
873 177
873 238
873 832
847 192
847 234
847 580
847 641
847 816
847 823
847 832
847 863
847 885
847 887
847 889
847 974
847 950
721 175
721 470
721 504
721 681
721 701
721 743
857 89
857 250
857 371
857 468
857 470
857 641
857 832
857 837
857 884
857 887
857 890
857 892
857 894
857 896
857 899
857 901
857 903
857 989
857 993
100 187
100 553
100 567
100 504
100 213
839 138
839 403
839 494
839 498
839 582
839 804
839 816
839 817
839 823
839 832
839 834
839 869
839 884
839 887
839 972
683 724
683 726
683 729
683 731
683 852
683 933
683 977
683 687
683 877
683 861
112 114
112 128
112 130
112 132
112 138
112 154
112 157
112 159
112 936
112 900
112 387
112 291
112 557
112 738
112 481
112 833
576 206
576 220
810 474
295 119
295 217
295 393
295 644
295 909
295 487
295 967
861 106
861 270
861 429
861 441
861 493
861 494
861 501
861 601
861 670
861 722
861 799
861 817
861 818
861 832
861 840
861 845
861 868
861 906
511 86
511 469
511 490
511 513
511 522
511 527
511 531
511 540
511 545
511 551
511 556
511 559
511 931
511 985
511 745
349 386
349 388
349 392
349 395
349 397
349 857
349 603
349 808
349 620
349 593
349 768
349 835
349 414
349 602
851 53
851 144
851 224
851 416
851 445
851 557
851 587
851 597
851 611
851 804
851 806
851 807
851 810
851 816
851 817
851 820
851 828
851 834
851 845
851 849
851 858
851 861
851 866
851 870
851 874
851 880
851 883
851 885
851 888
851 891
851 893
851 896
851 899
851 946
530 490
530 504
530 513
530 533
530 540
530 544
530 546
530 554
530 560
530 567
530 573
530 576
530 578
530 609
530 809
530 859
530 667
530 774
412 187
412 334
412 384
412 400
412 403
412 442
412 447
412 833
412 888
412 969
412 631
412 765
412 992
412 669
492 234
492 469
492 474
492 490
492 494
492 499
492 501
492 504
492 507
492 509
492 511
492 515
492 517
492 519
492 521
492 524
492 526
492 530
492 532
492 537
492 540
492 766
492 565
492 780
492 966
492 788
492 567
492 829
189 119
688 268
549 114
549 513
549 521
549 541
549 567
549 577
549 579
549 581
549 583
549 585
549 587
549 590
549 592
549 597
549 979
549 761
549 646
549 902
549 562
378 56
378 384
924 64
924 115
924 236
924 314
924 360
924 593
924 611
924 702
924 963
924 966
924 969
924 973
924 935
260 115
260 175
260 503
260 364
260 332
462 420
462 423
462 428
462 442
462 559
107 89
107 156
107 821
107 589
107 677
107 526
107 267
107 324
107 573
107 376
872 84
872 236
872 251
872 252
872 394
872 474
872 499
872 559
872 834
872 838
872 858
872 863
872 868
872 901
872 908
872 911
872 913
872 915
872 918
872 920
872 972
352 312
390 921
364 86
169 210
169 270
169 266
402 528
402 952
402 638
402 621
402 666
402 632
402 702
275 190
275 302
275 304
275 308
275 311
275 313
275 316
275 320
275 323
275 541
275 900
275 874
275 881
275 673
408 62
408 140
408 201
408 364
408 384
510 136
510 256
510 439
510 452
510 493
474 252
833 60
833 217
833 278
833 873
833 880
833 949
628 60
628 393
628 555
628 586
628 600
628 615
628 653
628 658
628 670
628 817
628 959
628 789
628 955
628 766
628 923
718 119
718 128
718 132
718 228
718 472
718 545
718 688
718 701
718 712
718 719
718 722
718 724
718 735
718 740
718 744
718 750
718 753
718 757
718 967
718 726
718 774
718 905
718 814
718 933
478 138
478 187
478 344
478 440
478 493
478 497
478 518
478 522
478 527
478 815
478 906
478 505
478 816
478 789
478 574
134 167
134 175
134 177
134 179
134 394
134 242
134 755
134 496
134 280
134 296
134 973
134 971
134 590
134 266
363 407
363 409
363 415
363 904
363 541
363 968
363 511
363 591
363 722
776 89
776 834
883 214
883 276
883 395
883 504
883 518
883 863
883 869
883 876
883 912
883 919
883 926
883 929
883 932
883 986
902 62
902 615
902 863
902 868
902 906
902 935
902 937
902 943
902 945
902 947
902 949
902 990
145 270
145 340
585 138
585 224
585 242
585 329
585 567
585 626
585 633
585 745
585 638
435 403
435 428
435 474
435 567
435 714
435 546
435 725
756 66
756 268
756 712
756 717
756 726
756 735
756 749
756 755
756 757
756 761
756 763
756 767
756 770
756 772
756 774
756 777
756 779
756 781
756 783
756 790
756 792
756 794
756 796
756 800
756 803
756 882
756 980
756 941
914 310
914 341
914 497
914 589
944 102
944 657
944 700
944 926
944 927
944 941
944 984
944 986
944 988
944 991
601 555
601 567
601 570
601 576
601 615
601 637
601 646
601 699
601 806
601 796
601 784
601 717
755 81
755 228
755 445
881 210
881 849
881 863
881 878
771 327
771 420
771 430
771 659
771 724
771 745
771 749
771 755
771 807
771 809
771 816
771 995
771 866
771 781
771 965
727 584
727 688
727 723
727 759
727 768
727 771
727 773
727 776
727 788
727 808
727 979
727 964
727 957
727 804
139 102
139 434
139 226
139 398
139 975
139 313
139 295
702 89
702 121
702 360
702 630
702 659
702 661
684 71
684 392
684 400
684 586
684 603
684 641
684 643
684 646
684 660
684 733
684 749
684 786
778 71
778 370
778 544
778 579
778 702
778 735
680 71
680 341
680 350
680 567
680 600
680 603
680 641
680 643
680 646
680 648
680 653
680 661
680 719
680 721
680 724
680 726
680 728
680 736
343 384
343 471
951 637
951 717
951 941
951 963
951 966
951 969
951 972
951 974
951 977
951 979
951 981
951 983
951 986
951 988
951 990
951 993
951 995
951 997
728 701
728 702
491 447
491 459
491 540
491 701
491 886
491 881
491 782
491 975
760 145
760 215
760 371
760 395
760 497
760 554
760 719
760 724
760 726
760 909
760 861
760 878
760 885
179 291
896 513
896 599
896 686
896 793
896 849
896 878
874 440
874 858
874 878
874 923
734 76
734 345
734 393
734 701
734 712
734 717
734 767
734 772
734 775
734 781
734 783
734 917
734 884
489 76
489 447
489 528
202 251
202 259
202 397
202 506
202 988
202 271
202 384
202 474
202 355
202 599
356 274
356 394
356 402
356 404
356 934
356 670
356 718
356 846
356 690
356 522
356 483
356 382
243 217
243 220
243 334
243 324
243 394
813 793
813 806
813 817
813 823
813 832
813 834
813 840
813 844
813 846
813 848
813 851
813 857
813 859
813 861
813 952
813 943
257 220
482 318
482 522
482 750
482 715
482 552
482 795
798 231
798 276
798 314
798 755
798 822
798 830
798 832
798 834
798 836
798 840
798 844
798 846
798 865
798 887
225 696
225 409
225 449
225 666
225 488
225 790
225 376
797 206
797 679
797 766
797 804
797 817
797 820
797 827
797 832
797 834
797 836
797 838
797 840
797 842
797 846
797 987
456 440
912 203
912 324
912 376
912 622
912 640
912 794
912 838
912 878
253 298
253 875
253 828
253 578
253 682
253 754
253 420
253 572
253 959
188 652
820 136
820 198
820 443
820 678
820 733
697 312
697 347
697 757
635 129
635 273
635 408
635 676
635 680
635 761
635 849
635 792
635 882
635 987
635 997
631 615
631 951
631 794
498 156
761 128
761 251
761 355
761 364
761 418
761 672
761 712
761 723
761 832
634 158
634 167
634 206
634 214
634 380
634 586
634 672
634 676
634 679
634 737
634 741
634 824
634 800
634 787
634 715
634 706
634 997
233 361
233 309
233 383
233 497
310 177
310 274
310 407
445 177
445 400
445 409
331 102
331 158
331 324
331 364
331 501
331 876
331 980
331 869
331 650
331 536
331 813
446 92
446 420
446 423
446 428
446 440
446 452
446 462
446 468
446 471
446 473
446 476
446 481
446 483
446 488
446 490
446 492
446 494
446 536
446 590
446 800
446 646
446 962
446 892
446 960
446 957
392 432
392 437
392 441
392 453
479 306
479 439
479 442
479 518
479 520
479 631
479 904
479 967
479 538
479 887
648 250
648 262
433 198
433 474
433 802
433 874
433 703
396 347
396 350
396 450
396 827
396 727
396 996
396 668
396 796
319 138
319 364
319 953
319 729
319 869
319 464
870 190
870 914
353 324
887 161
887 217
547 142
547 705
547 737
547 840
547 780
547 826
230 250
230 252
230 259
230 263
230 267
230 269
230 271
230 273
230 276
230 278
230 458
230 833
230 648
230 559
230 545
230 677
230 970
230 467
230 714
230 869
913 400
913 880
913 906
913 956
913 958
913 960
913 996
475 440
475 518
475 520
475 522
475 963
475 737
475 788
475 643
475 723
475 904
715 270
715 394
715 443
715 580
715 672
715 678
715 681
715 688
715 695
715 702
715 717
715 750
290 274
290 327
290 335
290 440
436 441
436 447
436 470
436 474
436 476
436 483
436 634
436 743
436 978
436 548
436 677
436 965
436 680
436 958
436 661
436 657
191 594
191 254
191 505
191 823
191 445
191 455
191 663
191 473
191 344
191 675
654 257
654 259
654 278
654 498
654 572
654 618
654 630
654 641
654 643
654 653
654 670
654 672
654 677
654 679
654 689
654 692
654 696
654 701
654 991
654 719
654 749
654 736
654 704
654 997
654 971
654 913
654 864
835 251
835 858
835 875
835 877
835 879
835 881
835 884
835 933
835 980
835 976
835 945
341 130
341 270
341 324
341 382
341 384
341 469
341 407
729 227
805 355
805 450
805 602
805 670
805 791
805 804
805 828
805 837
805 840
805 843
805 845
805 848
805 851
805 853
805 950
488 167
488 442
488 513
488 520
488 522
488 532
488 691
488 992
488 882
488 943
488 508
488 712
488 811
673 190
673 322
673 474
673 646
673 688
673 712
673 719
673 722
544 132
544 156
544 274
926 141
926 170
926 322
926 423
926 445
926 468
926 561
926 603
926 688
926 723
926 770
926 817
926 898
926 900
940 774
940 896
940 922
940 967
940 980
940 983
940 986
940 988
940 994
656 641
656 643
656 681
656 686
656 688
656 694
656 696
656 698
656 701
656 703
656 838
656 930
656 764
546 593
612 206
612 220
