0 49
0 99
0 97
0 94
0 90
0 11
0 16
0 20
0 59
2 60
2 59
2 57
2 49
2 50
2 53
2 82
2 70
2 35
2 39
2 58
2 48
3 36
3 67
3 61
3 52
96 74
96 79
96 83
96 84
96 90
96 97
96 99
95 71
95 78
95 98
6 91
6 22
6 28
6 26
6 80
6 30
93 20
93 24
93 36
93 63
93 64
93 71
93 77
93 78
93 91
93 95
93 97
93 98
92 16
92 20
92 22
92 31
92 40
92 52
92 60
92 61
92 67
92 83
92 90
92 93
92 97
92 94
92 98
9 62
9 10
9 97
9 15
9 29
9 34
9 36
9 74
9 75
9 55
91 30
91 31
91 35
91 36
91 38
91 41
91 46
91 61
91 63
91 64
91 65
91 68
91 69
91 71
91 74
91 78
91 90
10 48
10 49
10 50
10 51
10 52
10 54
10 65
10 57
10 58
10 59
10 17
10 29
10 88
10 34
10 36
10 37
10 46
10 76
10 68
12 30
88 8
88 14
88 17
88 20
88 23
88 35
88 38
88 41
88 44
88 48
88 52
88 56
88 58
88 59
88 62
88 65
88 67
88 69
88 70
88 72
88 73
88 79
88 80
88 82
88 84
88 86
88 89
88 92
88 94
88 96
88 98
88 90
13 63
13 25
13 26
13 29
13 32
13 90
13 37
13 42
13 78
13 51
13 73
13 56
13 61
87 30
87 36
87 38
87 40
87 41
87 54
87 60
87 61
87 63
87 64
87 66
87 68
87 71
87 74
87 75
87 76
87 78
87 81
87 83
87 86
87 92
87 94
87 96
87 99
87 91
86 32
86 40
86 41
86 44
86 52
86 64
86 67
86 95
86 97
86 90
15 57
15 72
15 71
15 70
15 69
15 68
15 67
15 66
15 24
15 88
15 44
15 58
85 4
85 14
85 20
85 23
85 31
85 38
85 61
85 63
85 71
85 74
85 77
85 78
85 83
85 96
85 98
84 14
84 23
84 31
84 33
84 36
84 38
84 40
84 41
84 44
84 46
84 52
84 60
84 62
84 65
84 67
84 71
83 22
83 23
83 31
83 40
83 41
83 52
83 63
83 64
83 74
82 4
82 40
82 46
82 62
82 65
82 81
82 84
82 87
82 90
82 93
82 95
82 97
82 99
82 89
19 78
19 77
19 76
19 64
19 65
19 66
19 67
19 68
19 69
19 21
19 36
19 99
19 96
19 49
19 51
19 57
81 14
81 22
81 31
81 33
81 71
81 74
81 94
80 1
80 4
80 14
80 20
80 24
80 29
80 32
80 36
80 41
80 44
80 52
80 61
80 62
80 63
80 65
80 69
80 71
80 78
80 94
80 96
80 98
80 85
80 99
21 28
21 41
21 45
21 52
21 53
21 59
21 75
79 16
79 20
79 22
79 23
79 40
79 61
79 64
79 67
79 74
79 78
78 71
77 12
77 16
77 20
77 22
77 23
77 24
77 30
77 31
77 32
77 33
77 40
77 46
77 52
77 61
77 63
77 64
77 71
76 16
76 33
76 90
76 95
76 98
76 78
76 97
25 61
25 62
25 64
25 65
25 84
25 83
25 82
25 81
25 79
25 73
25 74
25 75
25 53
25 91
25 66
25 63
25 71
75 5
75 14
75 16
75 20
75 22
75 23
75 31
75 33
75 40
75 52
75 61
75 62
75 63
75 64
75 65
75 67
75 74
75 86
75 91
75 95
75 97
75 99
75 78
26 30
26 42
26 50
26 57
27 78
27 28
27 40
27 44
27 84
27 72
73 16
73 20
73 31
73 33
73 40
73 52
73 61
73 62
73 63
73 64
73 67
73 71
73 78
73 93
73 95
73 97
73 99
73 81
73 90
72 16
72 20
72 63
72 64
72 74
72 78
72 98
72 77
72 84
72 92
29 52
70 4
70 14
70 16
70 31
70 38
70 64
70 74
70 91
70 93
70 95
70 97
70 99
70 73
70 84
69 14
69 40
68 5
68 14
68 16
68 30
68 31
68 40
68 64
68 71
68 74
67 14
67 16
34 14
34 16
34 68
34 99
34 98
34 97
34 96
34 74
34 76
34 77
34 78
34 79
34 80
34 82
34 35
34 44
34 63
34 93
66 14
66 17
66 20
66 23
66 67
65 14
65 17
37 31
37 40
37 74
37 79
37 94
37 92
37 91
37 85
37 86
37 41
37 46
37 96
63 64
38 40
62 5
62 67
39 5
39 14
39 66
39 68
39 71
39 73
39 76
39 99
39 81
39 95
39 94
39 92
39 88
39 40
39 47
39 59
39 64
39 70
39 97
39 96
39 78
39 91
61 1
61 4
61 5
61 40
61 63
60 17
41 5
42 71
42 84
58 31
58 52
58 71
58 97
58 99
58 81
57 1
57 5
57 40
57 52
57 61
57 63
57 65
57 72
57 78
57 91
57 95
57 97
45 16
45 17
45 69
45 71
45 73
45 76
45 78
45 80
45 83
45 85
45 87
45 90
45 99
45 98
45 97
45 96
45 48
45 75
45 88
55 1
55 5
55 40
55 71
55 78
55 80
55 84
55 87
55 89
55 91
55 93
55 95
55 97
55 99
55 60
55 67
55 74
46 4
54 4
54 14
54 40
54 67
54 74
47 91
47 93
47 95
47 96
47 97
47 52
47 55
47 57
47 68
53 1
53 4
53 16
53 17
53 23
53 31
53 38
53 52
53 60
53 62
53 64
53 68
53 74
53 77
53 81
53 83
53 86
53 88
53 91
53 95
53 56
53 76
53 80
53 93
53 84
53 97
48 62
48 74
52 4
52 14
49 38
49 40
49 53
49 55
49 57
49 59
49 61
49 64
49 66
49 68
49 71
49 74
49 76
49 78
49 81
49 83
49 86
49 89
49 91
49 94
49 97
49 52
49 69
49 79
49 87
51 1
51 14
51 16
51 17
51 33
51 95
51 97
51 54
51 60
51 86
51 90
51 91
99 63
99 67
99 71
99 74
99 78
99 79
99 83
99 95
99 97
99 98
50 79
50 92
50 91
97 61
97 63
97 64
97 67
97 71
97 83
97 91
97 94
97 95
97 98
94 74
94 90
7 17
7 75
7 63
90 20
90 22
90 23
90 30
90 40
90 41
90 52
90 60
90 67
89 4
89 8
89 12
89 20
89 23
89 24
89 29
89 35
89 41
89 42
89 46
89 50
89 51
89 54
89 57
89 61
89 63
89 64
89 66
89 68
89 69
89 71
89 73
89 74
89 75
89 76
89 77
89 78
89 80
89 81
89 83
89 85
89 87
89 91
89 94
89 96
89 99
89 98
11 64
11 63
11 61
11 26
11 31
11 57
18 73
18 72
18 71
18 70
18 69
18 22
18 91
18 51
28 14
28 16
28 20
28 30
28 40
28 60
28 61
28 62
28 63
28 64
28 66
28 67
28 68
28 69
28 70
28 71
28 72
28 83
28 75
28 76
28 79
28 31
28 37
28 53
28 56
28 92
28 77
59 1
59 4
59 5
59 40
59 71
59 74
59 96
59 98
59 73
59 86
59 89
59 91
59 95
43 40
43 74
43 98
43 96
43 95
43 94
43 45
43 48
43 73
43 76
43 78
43 89
56 5
56 14
56 22
56 30
56 31
56 83
56 85
56 89
56 91
56 95
56 97
56 60
56 76
56 78
56 92
56 98
