0 4
0 746
1 90
999 0
999 1
999 3
999 168
999 323
998 1
998 2
998 3
998 559
998 626
998 993
998 995
998 997
3 251
3 308
997 0
997 2
997 988
4 6
996 993
996 994
996 998
746 744
746 750
533 196
533 537
533 657
5 2
5 67
5 90
6 11
6 65
920 1
920 916
920 917
920 918
920 922
920 925
777 779
39 37
7 9
7 11
57 2
57 53
57 54
57 55
57 60
57 62
57 754
8 7
8 11
8 13
8 675
872 3
872 874
872 905
308 307
308 311
308 593
9 11
440 5
440 63
440 435
440 436
440 437
440 439
440 442
440 444
697 696
697 699
697 991
891 896
67 64
67 66
67 69
67 71
67 682
461 465
10 6
10 7
10 9
10 12
10 14
11 12
11 14
11 16
834 6
834 86
834 783
834 829
834 831
834 836
952 950
952 956
60 964
65 66
65 69
65 307
406 404
406 673
406 744
826 160
826 301
826 640
826 824
826 831
13 10
13 11
13 12
13 14
13 16
13 18
661 8
661 657
661 659
661 660
661 662
661 665
661 765
675 250
675 679
938 351
938 475
938 934
938 936
724 9
724 721
724 727
724 729
885 883
885 888
14 470
776 10
776 775
776 777
776 779
776 781
15 16
15 344
16 897
17 18
17 21
17 561
17 916
611 12
611 606
611 613
611 616
611 890
19 16
19 18
19 21
19 24
19 430
801 669
801 800
527 14
527 530
527 532
639 372
639 635
639 641
639 644
511 14
511 185
511 507
511 508
511 560
470 472
470 475
824 14
83 86
83 88
344 311
344 340
344 342
344 349
223 225
223 227
223 493
20 21
21 16
91 16
91 88
91 484
22 18
22 25
22 27
22 870
561 558
561 559
561 564
397 17
397 117
397 398
397 402
916 913
916 921
23 20
23 21
23 26
23 132
23 685
788 18
788 785
788 789
788 792
797 916
24 22
24 27
24 29
24 536
771 323
771 509
771 768
771 772
430 434
643 645
643 651
25 21
25 26
827 34
827 87
827 628
827 822
487 647
487 645
586 21
586 584
586 585
586 587
835 730
835 833
835 836
679 21
679 680
679 682
26 28
27 26
27 28
638 22
638 641
339 22
339 334
339 335
339 336
339 338
339 341
339 893
339 800
141 137
141 138
685 682
685 688
685 690
28 33
29 31
29 34
198 193
198 202
198 336
198 811
536 538
837 24
837 119
837 148
837 833
837 838
837 840
30 28
30 32
30 493
544 25
544 541
544 545
544 549
263 204
263 260
263 262
263 268
523 26
523 279
523 525
523 528
823 81
823 598
823 818
823 820
823 822
823 826
598 26
598 221
598 601
598 603
31 27
31 33
31 35
31 379
930 462
930 926
930 927
930 929
930 932
62 271
32 36
32 476
32 620
33 35
33 37
514 28
34 33
34 37
382 29
382 384
382 386
382 785
542 49
542 540
542 544
493 243
493 490
493 492
493 495
493 572
35 635
36 33
36 34
36 35
36 37
404 122
404 259
404 407
404 648
159 197
476 479
476 481
383 378
383 386
620 617
620 619
620 621
620 623
620 738
38 33
851 847
851 850
851 854
950 367
950 951
950 953
450 452
450 480
40 35
40 39
769 35
769 465
700 699
700 703
700 919
108 35
108 107
108 109
108 568
108 461
41 37
41 42
41 46
58 299
42 47
80 37
80 85
43 38
43 39
43 665
43 273
290 270
290 928
44 40
44 42
44 46
44 48
353 39
353 351
353 356
353 970
353 929
648 645
648 646
648 647
648 651
690 39
690 927
990 340
990 985
990 987
990 991
701 40
701 772
45 49
45 773
45 787
46 913
718 41
718 715
718 717
48 51
48 373
578 573
578 582
578 862
256 259
256 666
665 660
665 662
665 663
665 669
665 931
273 271
441 445
441 755
887 521
887 868
887 882
887 891
79 77
79 82
79 600
773 776
773 778
764 765
764 767
787 789
50 47
50 49
51 924
913 917
752 46
752 456
752 749
752 753
752 757
752 870
52 47
52 730
218 216
218 222
218 534
932 47
520 521
520 523
53 49
53 52
53 54
53 56
53 58
53 646
905 916
629 118
629 130
629 626
629 630
629 633
629 853
373 376
373 972
54 76
54 401
97 49
97 98
97 100
97 102
97 189
267 262
267 270
267 719
268 49
268 267
268 271
268 273
268 284
55 53
55 56
55 58
55 140
566 50
566 563
566 944
924 836
924 926
576 180
576 574
576 575
576 581
682 52
682 680
730 936
515 52
515 932
562 560
562 563
562 565
562 886
681 678
681 679
681 684
532 448
532 528
532 534
532 737
646 645
646 647
646 651
59 58
59 61
59 63
59 865
76 80
710 652
710 705
710 707
710 709
710 712
710 715
519 516
519 518
519 521
519 523
954 956
954 958
61 58
61 65
61 693
61 108
284 287
494 56
494 645
676 83
676 677
676 680
381 378
381 379
381 384
381 742
381 766
63 62
63 66
63 68
356 359
865 452
865 862
865 864
865 868
865 870
64 68
595 60
595 592
595 596
595 598
595 600
743 60
743 740
743 741
986 985
986 987
986 989
66 68
66 71
693 464
426 62
426 421
426 422
426 427
426 744
426 740
68 69
68 73
956 63
956 523
956 958
956 961
214 216
214 910
479 480
966 64
966 189
966 962
966 964
966 970
803 65
803 547
803 798
803 804
803 806
803 921
307 304
307 311
70 69
70 71
70 141
497 66
497 202
497 500
580 584
580 671
630 67
630 628
630 635
758 67
758 754
758 762
72 68
72 70
72 71
72 73
72 77
72 327
73 69
852 105
852 857
852 993
89 69
89 85
89 272
89 446
74 77
74 79
75 77
75 80
75 530
77 73
77 819
672 668
672 670
672 671
672 674
672 677
672 983
327 322
327 323
327 330
327 332
78 83
78 166
78 466
354 73
354 349
354 352
354 356
354 359
84 74
84 80
84 83
84 85
84 88
84 167
832 75
832 482
832 533
832 828
832 829
832 830
832 831
832 835
832 837
530 528
530 533
530 831
530 532
624 621
624 626
624 628
81 76
81 78
81 657
81 850
81 506
613 905
188 76
188 193
188 941
564 562
564 563
564 565
82 80
82 340
791 792
791 795
388 383
388 385
388 390
388 392
166 161
166 162
166 163
166 165
166 434
166 520
276 275
276 277
276 280
276 766
871 78
871 780
871 867
871 868
871 869
871 874
871 876
466 468
466 470
506 501
506 509
506 641
600 596
85 90
783 80
783 163
783 779
783 780
783 782
783 785
783 859
444 447
444 449
612 80
612 607
612 609
612 611
612 614
612 617
657 660
657 854
657 968
850 845
850 854
763 81
763 704
763 759
763 764
763 767
753 82
753 609
753 757
753 772
490 494
340 345
86 85
87 88
87 91
87 208
87 94
167 171
167 760
563 85
563 565
563 567
767 769
390 86
390 385
390 387
390 393
390 894
305 302
305 304
305 306
305 354
305 581
666 640
666 661
666 665
666 669
270 86
92 90
208 203
208 205
208 212
208 872
617 229
617 616
617 619
617 621
94 147
93 92
93 96
93 476
878 88
878 504
640 159
640 637
640 638
640 645
640 685
272 312
272 585
446 443
446 445
446 447
446 449
446 451
95 90
95 661
95 893
628 775
238 90
238 234
238 241
238 481
917 90
917 833
917 921
96 91
96 92
96 100
96 660
539 536
539 538
539 544
486 92
486 174
486 481
486 482
486 485
486 488
486 557
98 100
98 138
99 102
99 536
738 94
738 739
738 742
738 922
147 148
147 202
147 519
147 192
264 259
264 263
264 265
264 353
893 820
893 892
893 894
101 96
101 97
101 98
101 100
101 102
101 105
101 887
795 96
795 187
795 792
795 793
795 797
795 799
102 157
780 776
780 778
780 784
189 188
189 193
103 99
103 100
103 106
103 180
278 98
278 277
278 280
278 584
104 102
104 107
104 109
104 636
604 99
604 601
604 605
604 607
604 609
105 107
105 785
105 483
906 911
812 816
106 107
106 754
781 102
781 428
781 589
781 777
781 779
781 782
781 785
781 800
157 365
424 310
424 419
424 421
424 422
424 426
820 103
820 816
894 104
894 244
894 328
894 368
894 462
894 896
636 184
636 634
636 638
636 641
883 365
883 558
723 105
723 719
723 720
723 722
723 727
723 987
187 183
187 185
187 186
187 191
187 713
257 254
257 260
257 273
257 768
110 107
110 109
110 115
111 114
111 778
112 115
112 117
112 363
113 120
982 108
982 254
982 978
982 983
982 985
982 987
114 113
114 116
114 118
114 536
591 596
115 120
115 505
503 499
503 501
503 505
503 507
116 119
116 121
778 774
778 775
778 776
778 777
778 782
118 677
118 496
405 113
405 400
405 408
120 119
120 121
120 124
120 299
702 113
702 697
702 699
702 701
702 704
702 707
119 124
314 311
314 312
314 317
314 319
314 396
535 536
535 538
438 437
438 442
438 592
748 114
748 749
748 758
297 301
505 504
505 507
505 840
505 939
121 126
231 233
231 236
231 674
277 273
277 279
277 282
122 117
122 121
122 124
122 126
158 161
158 163
158 168
394 117
394 389
394 391
394 398
394 403
123 119
123 120
123 124
123 127
123 709
677 680
496 497
496 500
230 119
230 225
230 229
230 232
230 234
230 881
573 568
573 571
573 572
573 862
125 121
125 122
125 126
125 129
125 241
125 657
126 124
695 121
695 308
695 700
128 124
128 127
128 132
128 920
128 192
709 263
129 131
129 134
129 460
927 124
927 922
130 179
131 126
131 132
131 136
131 637
650 730
705 127
495 127
495 490
495 499
495 631
249 127
468 467
468 471
468 473
133 131
133 132
133 134
133 136
133 138
192 188
192 189
192 190
192 191
192 193
192 780
337 332
337 334
337 449
337 422
460 458
460 464
175 171
175 176
175 247
175 600
135 140
179 921
136 140
136 715
146 149
146 948
137 134
137 140
960 132
960 958
960 963
960 965
139 137
139 141
139 990
528 135
715 378
715 719
715 847
341 343
341 345
341 420
341 611
292 297
143 572
874 138
874 870
874 957
836 841
949 138
949 947
949 950
706 709
706 742
144 146
144 149
144 376
524 525
524 529
145 140
145 142
145 144
145 148
145 988
145 971
888 154
888 886
888 887
888 891
799 918
799 979
148 936
148 477
293 288
293 289
293 291
293 294
293 297
293 760
980 143
980 742
980 975
980 976
980 978
980 983
980 985
572 570
572 746
149 150
907 239
907 434
907 570
907 759
907 906
907 989
376 379
376 635
988 752
988 792
988 985
988 986
988 987
988 992
971 857
971 974
948 157
948 393
202 207
849 851
849 866
892 147
892 198
892 255
892 773
892 891
892 894
152 717
153 150
937 148
937 932
937 933
937 935
937 939
937 941
477 475
477 480
889 148
889 451
889 891
889 893
154 159
154 183
227 232
227 956
602 149
602 599
602 603
602 605
731 733
306 149
306 307
306 311
306 788
151 457
151 288
155 150
155 152
155 153
155 157
155 159
459 462
459 464
457 453
457 454
457 456
457 460
457 462
652 654
652 718
288 285
288 286
288 290
288 292
288 922
191 152
191 186
191 193
191 983
156 157
156 159
156 161
156 544
367 153
367 364
367 368
367 371
737 154
737 275
737 733
737 738
737 741
183 173
183 186
183 487
808 155
808 812
625 241
625 628
745 740
745 747
745 749
161 165
592 587
592 588
592 591
592 593
592 596
592 883
423 157
423 418
423 420
163 730
414 158
414 412
414 416
414 418
414 583
168 165
168 171
168 173
164 159
164 160
164 163
164 169
164 174
164 806
164 901
197 202
548 160
548 553
548 957
712 709
712 711
712 713
712 716
712 771
531 529
531 533
531 535
298 297
298 299
298 301
958 715
958 961
509 163
509 514
347 163
347 345
347 346
347 649
196 195
196 199
196 294
196 987
174 173
806 801
806 808
806 811
901 281
901 713
901 900
901 903
901 906
170 167
170 171
170 174
170 399
649 238
649 648
649 650
649 653
171 174
760 759
760 764
172 173
172 404
488 484
488 490
488 492
904 907
904 909
968 963
968 966
968 969
399 401
399 613
399 468
176 173
176 179
176 181
342 340
342 345
177 178
177 182
177 984
177 694
555 560
178 174
178 180
178 182
178 795
233 174
233 234
233 236
247 250
247 252
247 372
540 545
181 185
181 267
181 615
407 330
407 411
182 179
985 983
985 987
984 979
984 980
984 981
984 982
984 987
984 989
252 250
252 383
252 983
694 272
694 689
694 691
694 692
694 693
694 695
694 916
211 207
211 397
211 719
653 179
653 651
653 652
653 655
653 813
546 179
546 549
546 551
546 740
185 188
185 202
658 654
658 660
658 663
380 376
380 383
380 385
380 668
609 541
582 180
582 585
184 183
184 185
184 189
184 560
186 659
335 249
335 336
335 340
335 656
615 545
716 711
716 719
716 721
616 182
616 756
903 789
903 908
627 624
627 625
627 630
627 632
796 281
796 797
796 799
190 189
190 191
190 193
190 195
248 244
248 249
248 285
248 811
645 186
645 644
645 650
975 974
975 976
975 978
884 882
884 887
884 889
703 187
703 573
703 698
703 705
703 708
633 628
633 630
633 635
633 638
713 816
193 197
741 188
741 736
941 936
194 190
194 193
194 195
194 199
194 637
194 878
195 197
454 456
454 459
881 286
881 549
881 878
881 883
199 195
199 197
199 200
199 202
199 471
786 194
786 413
786 561
786 781
786 782
786 783
786 784
786 788
786 790
200 202
642 195
642 571
642 638
642 644
642 647
201 196
201 197
201 198
201 199
201 200
201 203
201 270
201 916
294 296
294 299
987 992
203 199
203 200
203 202
203 205
203 207
203 393
336 340
336 671
336 972
811 257
811 787
811 809
811 810
811 812
811 814
471 473
471 475
204 207
204 348
204 454
790 793
206 202
206 208
206 210
957 316
957 952
957 953
957 954
957 956
957 961
393 392
393 395
668 671
209 206
209 207
209 752
209 925
209 863
209 291
348 344
210 213
210 706
210 342
212 216
316 311
316 314
316 317
316 320
316 941
571 568
925 926
925 928
608 209
608 505
608 575
608 594
608 604
608 605
608 606
608 607
608 613
608 743
863 216
863 751
863 868
291 287
291 290
291 292
291 294
291 890
329 330
329 696
215 216
215 219
215 569
217 238
217 677
217 839
989 749
989 993
481 477
481 479
481 480
481 484
915 893
915 910
915 911
915 912
915 917
915 985
955 377
955 634
955 952
955 953
955 954
955 957
955 959
910 905
910 913
345 343
345 346
219 220
219 224
219 910
220 222
569 567
569 568
569 573
569 807
253 216
253 249
253 251
253 256
253 258
418 419
418 421
221 220
221 222
221 224
221 820
698 690
698 693
698 697
698 753
692 693
692 919
839 837
534 535
534 538
857 912
224 225
400 239
854 220
854 222
854 761
854 857
226 224
226 227
226 231
226 448
226 353
909 362
909 908
909 910
909 912
909 914
228 230
228 232
228 258
599 223
599 406
599 597
599 601
599 770
747 224
747 746
747 748
747 751
877 882
229 534
478 476
478 482
478 591
261 259
261 262
261 264
261 282
261 799
868 638
868 864
868 870
868 872
232 235
232 458
301 299
301 300
301 304
301 730
258 259
258 261
258 263
234 239
409 405
409 408
409 412
409 414
235 236
235 238
674 671
674 673
674 675
674 678
674 809
237 232
237 233
237 235
237 240
491 490
491 493
491 495
491 823
240 244
240 979
240 452
517 515
517 516
517 519
517 521
517 700
498 499
498 502
498 992
242 239
242 245
242 602
623 237
623 494
623 526
623 618
623 622
623 624
623 628
623 735
275 270
275 443
275 760
502 500
875 240
875 736
875 830
875 871
875 872
875 941
979 974
330 325
330 488
452 448
452 454
452 921
714 243
714 710
714 711
714 712
714 716
714 718
246 247
246 249
246 251
346 326
664 241
664 827
622 497
622 967
357 359
981 407
981 969
981 977
981 979
588 584
588 586
588 593
588 791
482 487
482 878
250 249
250 251
521 526
521 528
372 376
372 907
995 991
995 992
995 999
285 287
285 290
326 328
255 251
255 256
255 258
255 792
734 251
734 732
734 733
734 736
749 750
749 753
951 252
951 265
951 429
951 956
259 254
384 379
384 471
793 289
792 789
792 790
792 797
260 941
768 510
768 765
768 767
768 772
265 262
265 266
265 270
265 448
848 260
848 843
848 844
848 845
848 846
848 847
848 851
848 853
739 735
739 736
739 741
739 743
282 279
282 280
282 283
282 286
525 999
266 267
266 271
266 697
331 335
331 602
269 264
269 271
269 274
269 537
736 740
804 629
804 645
804 738
804 799
804 802
805 804
805 806
805 809
720 267
720 287
720 716
720 717
720 719
720 722
782 267
782 373
782 785
351 354
351 800
274 278
274 779
537 539
537 541
537 968
312 308
312 961
312 562
800 743
800 795
779 784
279 281
280 279
280 281
280 284
280 928
280 968
766 466
766 620
766 762
766 764
766 765
766 767
766 770
283 662
584 585
584 587
584 589
928 433
928 923
928 931
606 601
606 602
606 604
606 605
606 607
606 609
606 941
286 285
286 287
286 289
286 969
944 284
944 492
944 941
944 949
547 924
289 292
969 964
969 970
969 974
922 917
678 676
678 680
678 682
295 294
295 297
295 299
295 547
890 432
890 528
890 894
296 292
296 297
296 299
325 322
324 325
324 679
300 302
300 304
862 941
419 415
419 420
302 304
302 349
962 297
962 462
962 979
303 300
303 302
303 308
303 914
413 329
413 409
413 411
413 415
784 298
784 699
784 785
784 787
655 652
655 657
655 659
655 696
896 300
896 897
896 899
896 901
880 303
880 877
880 881
880 883
880 885
914 964
313 303
313 310
313 317
313 677
313 865
313 782
992 994
309 304
309 306
309 311
309 314
309 473
581 586
311 377
323 319
323 326
323 727
323 729
310 312
310 314
310 450
522 518
522 519
522 520
522 523
522 525
522 894
473 469
473 475
473 477
315 469
614 311
317 315
317 322
317 399
961 964
853 312
853 849
853 857
864 859
318 323
366 365
366 368
366 565
396 471
596 724
596 715
320 315
320 325
320 386
320 518
469 470
469 472
427 428
427 430
427 781
321 325
946 319
946 945
946 947
946 951
918 459
918 913
918 919
918 921
386 387
601 320
601 346
601 600
601 605
601 710
518 513
518 520
518 523
429 321
429 357
429 428
429 432
429 434
727 731
729 730
729 732
729 734
428 430
943 356
943 814
943 939
943 945
943 947
332 330
332 331
332 336
332 392
333 329
333 332
333 334
333 336
333 756
529 533
696 919
334 331
334 336
334 338
425 439
392 387
392 396
338 488
756 755
756 759
603 335
603 572
603 600
603 604
603 681
656 654
656 658
656 981
671 769
683 684
683 687
972 973
972 976
449 448
449 451
449 453
449 995
422 421
422 423
422 425
789 338
789 793
420 421
420 425
420 494
436 341
436 431
436 432
436 433
436 435
436 437
436 441
436 816
757 344
757 376
350 348
350 349
350 352
350 354
350 700
352 357
923 918
923 919
923 921
923 922
923 924
923 927
923 977
355 350
355 351
355 357
355 360
929 924
929 928
929 932
929 934
687 954
358 359
358 361
358 363
358 980
359 365
360 359
360 363
361 357
663 538
663 659
663 660
663 662
663 668
802 801
802 806
362 359
362 360
362 396
898 358
898 896
898 900
898 902
364 368
364 719
691 359
691 686
691 687
691 688
691 692
691 695
689 688
689 691
689 693
689 980
589 360
589 512
589 587
368 363
368 369
368 498
549 384
549 924
945 421
945 940
369 374
370 367
370 368
370 372
370 374
370 651
610 607
610 608
610 609
610 612
610 615
610 819
371 374
371 404
574 570
374 377
374 379
415 369
415 384
375 899
651 467
651 616
651 647
651 652
651 935
963 958
963 959
963 961
963 962
963 967
378 376
378 870
772 777
977 526
977 979
953 948
953 954
953 956
953 958
621 379
621 616
621 618
385 383
385 387
385 389
742 743
742 747
742 935
543 539
543 542
543 544
543 547
993 991
993 992
389 384
389 386
389 393
391 388
391 389
391 393
391 395
391 664
391 542
845 840
845 847
841 389
841 511
841 838
841 844
395 392
395 400
474 472
474 473
474 476
474 851
933 393
933 928
933 929
933 930
933 931
933 934
933 936
403 398
403 400
403 405
403 408
403 876
667 664
667 668
667 670
667 672
818 396
818 733
818 814
818 819
818 821
818 900
402 401
402 407
402 583
583 578
583 585
583 587
876 831
876 873
876 874
876 878
410 411
410 413
410 415
813 808
813 809
813 810
813 811
813 812
813 816
813 971
673 678
411 408
411 409
411 414
411 468
411 997
579 576
579 577
579 583
579 852
831 927
831 873
412 415
412 417
416 421
416 586
417 422
759 757
759 761
934 919
934 936
431 433
431 435
431 789
740 744
942 636
942 830
942 937
942 938
942 940
942 943
432 431
432 434
432 437
433 435
433 993
435 430
435 439
437 439
437 441
437 677
442 444
442 446
725 659
725 727
725 729
445 444
445 447
445 450
755 752
755 759
526 673
526 750
751 443
751 746
751 754
751 756
447 448
451 982
844 843
480 475
455 457
455 956
455 984
456 458
456 460
762 764
762 767
462 461
462 467
462 922
462 744
463 458
463 464
463 467
463 713
464 469
465 470
467 718
472 475
732 476
732 727
732 731
732 733
882 478
882 883
882 886
670 480
670 668
670 671
670 673
670 708
485 487
485 986
489 487
489 488
489 490
489 493
489 820
551 626
492 497
940 488
940 939
499 497
499 502
499 959
631 635
626 496
626 622
626 630
626 924
597 593
597 600
959 956
959 962
959 964
504 500
765 500
765 769
507 502
507 504
507 508
867 868
867 870
867 872
641 645
641 916
794 506
794 790
794 791
794 796
794 799
513 508
513 509
516 511
516 513
516 518
516 521
770 597
770 765
770 767
770 774
859 535
859 644
846 514
846 709
846 841
846 842
846 843
846 845
846 847
846 849
846 851
632 521
632 629
632 634
632 637
900 897
900 903
550 546
550 548
550 549
550 551
550 553
550 555
538 635
541 538
541 545
541 897
541 977
587 582
843 838
843 847
843 948
552 550
552 551
552 555
552 560
553 556
807 805
807 806
807 809
807 811
556 554
556 557
558 556
558 557
558 560
559 560
559 562
559 564
728 724
728 725
728 730
728 733
570 948
575 578
575 580
575 869
577 572
577 578
577 580
577 582
869 867
869 868
869 870
590 585
590 589
590 592
590 594
590 813
722 717
722 718
722 727
594 593
594 599
825 826
825 829
605 607
605 609
947 948
947 950
947 952
879 611
879 874
879 878
879 880
879 883
618 614
618 710
619 615
619 621
619 623
707 709
707 759
967 969
967 971
735 734
735 736
735 740
775 771
775 777
775 779
634 629
634 631
634 637
634 639
858 853
858 854
858 857
858 863
858 914
654 659
994 650
935 933
935 934
935 936
935 938
935 940
931 934
708 685
708 705
708 707
708 712
708 901
809 810
809 812
809 814
991 994
688 686
688 690
688 692
919 914
919 921
704 707
704 851
711 713
711 715
726 723
726 725
726 728
726 730
860 731
860 859
860 861
860 863
860 920
774 775
774 777
774 779
895 891
895 892
895 896
895 899
830 750
830 826
830 828
830 829
830 831
830 834
830 879
830 889
761 757
761 758
761 764
798 793
798 795
798 796
798 797
798 800
815 794
815 810
815 813
815 814
815 816
815 820
973 799
973 970
973 971
973 975
973 977
973 990
810 808
810 812
810 814
814 816
817 812
817 816
817 821
856 988
822 817
822 819
822 824
822 826
828 823
828 829
828 831
828 833
829 827
829 831
829 833
873 878
838 840
842 839
842 840
842 845
842 847
855 856
855 858
855 860
861 858
861 863
861 865
912 916
976 977
976 979
902 899
902 903
902 905
902 907
911 897
911 908
911 909
911 912
911 914
911 916
908 910
908 912
965 966
965 968
965 970
978 976
978 977
978 979
978 981
978 983
