0 74
0 9
0 50
99 75
99 91
99 94
2 64
2 51
2 65
2 50
2 17
2 88
2 59
2 54
98 23
98 66
98 67
98 78
98 87
98 96
97 48
97 67
97 86
97 89
97 90
97 94
97 98
5 80
5 45
5 35
5 49
5 66
5 43
5 55
5 58
95 33
95 70
95 84
95 86
95 89
95 93
95 94
95 96
95 99
6 33
6 48
7 35
7 62
8 48
92 87
92 88
92 89
92 90
92 97
92 99
11 26
11 91
11 53
11 68
11 47
11 64
11 67
11 75
11 95
89 3
89 6
89 46
89 67
89 68
89 70
89 75
89 76
89 79
89 91
89 94
89 96
89 98
12 27
88 6
88 43
88 46
88 48
88 75
88 80
88 87
88 91
88 96
13 87
13 80
87 91
87 99
85 1
85 3
85 17
85 20
85 38
85 45
85 66
85 80
85 82
85 84
85 88
85 93
85 97
85 99
84 4
84 23
84 34
84 67
84 70
84 78
84 79
84 80
84 93
83 81
83 82
83 84
83 86
83 89
83 92
83 94
83 96
83 98
81 6
81 8
81 29
81 63
81 67
81 72
81 73
81 74
81 76
81 82
81 84
81 86
81 91
81 94
81 96
81 99
20 25
20 96
80 70
80 91
80 94
80 96
80 99
79 1
79 26
79 78
79 91
79 94
77 25
77 26
77 53
77 57
77 64
77 65
77 67
77 68
77 74
77 76
77 78
77 81
77 84
77 86
77 89
77 94
77 96
77 91
76 45
76 79
75 18
75 26
75 94
32 40
32 48
32 94
32 64
32 62
32 91
56 91
44 90
44 87
54 1
54 23
54 30
54 45
54 57
54 65
54 67
54 71
54 73
54 75
54 78
54 98
54 96
41 17
41 80
41 91
48 91
53 70
53 67
65 1
65 23
65 25
65 40
65 45
65 67
65 82
65 86
65 89
65 91
65 94
65 78
94 1
94 18
94 45
94 91
94 96
29 17
29 18
29 23
29 25
29 26
29 46
29 53
59 37
59 40
59 70
59 76
59 79
59 81
59 84
74 17
74 38
74 56
74 70
74 76
74 78
74 80
74 87
74 98
60 56
60 57
60 67
60 84
60 99
60 62
60 92
9 35
9 60
9 61
33 1
33 3
33 18
33 25
33 45
50 25
50 26
50 48
10 37
10 38
14 17
14 91
14 76
14 88
14 74
14 40
14 58
14 67
16 92
16 91
16 79
16 86
16 69
16 70
19 17
19 18
19 25
19 36
19 40
19 97
19 43
19 94
19 91
19 66
19 78
19 52
19 85
19 83
19 62
19 53
19 84
78 94
26 96
27 25
27 79
27 75
27 58
27 72
27 90
27 59
66 25
66 30
66 91
66 94
67 70
72 30
72 70
72 82
72 86
72 88
72 90
72 92
72 94
72 96
57 37
57 40
57 78
57 70
51 1
51 3
51 75
51 68
43 57
43 67
43 91
43 53
31 17
31 18
31 26
31 96
31 95
31 77
31 88
31 89
40 3
40 4
40 17
40 18
40 23
40 25
40 26
40 91
28 45
28 48
28 57
28 54
28 99
28 42
93 18
93 23
93 26
93 68
93 78
93 82
93 86
93 92
93 96
93 99
93 98
86 48
86 53
86 57
86 63
86 67
86 75
86 94
86 96
86 99
86 98
22 96
22 78
82 18
82 20
82 23
82 68
82 78
82 94
73 29
73 33
73 46
73 57
73 58
73 65
73 66
73 67
73 69
73 71
73 76
73 78
73 80
73 82
73 84
73 86
73 88
73 91
73 94
73 96
73 98
64 48
64 70
37 91
47 45
47 53
47 57
47 59
47 62
47 64
47 67
47 69
47 71
47 76
47 84
52 30
52 48
52 64
52 66
52 68
52 70
52 72
52 76
52 93
52 59
52 88
42 23
42 26
90 37
90 42
90 48
90 56
90 63
90 74
90 79
90 80
90 87
90 88
90 89
90 91
90 98
21 80
24 25
24 48
24 96
24 88
24 35
24 53
24 74
71 8
71 25
71 30
71 48
71 56
71 63
71 67
71 78
71 80
71 88
71 91
71 94
71 96
39 45
39 48
39 90
39 71
39 88
39 85
39 67
36 17
36 18
36 87
38 18
38 23
38 25
38 48
15 40
15 87
15 84
15 47
15 61
15 26
15 62
61 4
61 37
61 38
61 40
61 45
61 48
61 63
61 67
61 70
61 74
61 76
61 79
61 82
61 85
61 95
68 70
49 4
49 33
49 37
49 41
49 42
49 45
49 46
49 50
49 53
49 55
49 58
49 60
49 62
49 67
49 69
49 72
49 74
49 86
49 82
49 99
45 96
69 4
69 18
69 23
69 42
69 53
69 58
69 61
69 64
69 65
69 68
69 72
69 75
69 79
69 82
69 87
69 90
69 93
69 74
70 18
70 26
70 91
35 17
35 25
35 38
35 40
35 54
35 56
35 79
35 97
35 94
35 69
34 18
55 96
55 95
58 25
58 26
58 30
58 48
58 67
58 99
63 25
46 17
46 23
46 37
46 48
62 40
62 75
62 78
62 85
62 96
62 89
