0 77
0 76
0 75
0 42
0 52
0 51
0 58
0 46
0 40
3 26
3 27
3 78
3 49
3 7
3 44
3 73
3 31
3 70
3 71
3 57
4 17
4 20
4 21
4 86
4 85
4 84
4 26
4 27
4 28
4 79
4 68
4 66
4 70
4 77
4 37
4 48
96 85
96 95
95 17
95 27
95 66
95 82
6 20
6 24
6 26
6 30
6 31
94 6
94 7
94 10
94 11
94 24
94 34
94 56
94 75
94 76
94 77
94 78
94 79
94 80
94 83
94 85
94 86
94 89
94 97
94 99
7 43
92 10
92 67
92 70
92 71
92 72
92 75
92 78
92 79
92 80
92 83
92 86
92 89
92 94
92 96
92 98
91 5
91 19
90 95
12 1
12 5
12 30
12 93
12 33
12 34
12 35
12 88
12 80
12 47
12 56
12 53
87 46
87 55
87 66
87 74
87 77
87 96
14 1
14 71
14 44
14 74
14 61
86 96
15 1
15 66
15 83
85 9
85 46
85 50
85 68
85 77
85 78
85 80
84 9
84 11
84 17
84 36
84 63
84 66
84 74
84 90
84 93
84 96
84 85
83 7
83 17
83 30
83 68
83 71
83 77
83 78
83 80
83 82
83 91
83 93
83 95
82 5
82 6
82 9
82 20
82 32
82 66
80 5
80 11
80 53
21 1
21 5
79 5
79 25
79 30
79 55
79 68
79 77
79 91
79 95
22 1
22 27
22 30
22 34
22 36
22 99
22 47
22 94
22 57
22 72
22 67
22 82
78 66
23 1
23 19
23 26
23 31
23 42
23 44
23 46
23 48
23 93
23 65
23 85
23 95
23 35
23 81
77 19
77 68
24 1
24 5
76 26
76 46
76 49
76 53
76 66
76 79
76 83
76 85
76 87
76 90
76 93
76 95
76 80
25 1
75 5
75 68
75 96
75 80
42 41
42 71
42 80
42 78
59 13
59 36
59 81
59 84
59 87
59 98
52 31
52 78
52 91
52 81
27 5
51 26
51 27
51 46
51 49
51 55
51 71
51 74
51 91
93 41
58 5
58 13
58 41
58 46
58 53
58 85
58 76
41 27
46 32
45 11
45 20
45 24
45 27
45 30
45 31
45 43
45 49
45 58
45 60
45 64
45 66
45 68
45 70
45 99
45 91
45 53
40 55
40 94
69 9
69 17
69 18
69 21
69 26
69 27
69 46
69 49
69 83
69 87
69 94
69 80
2 26
2 27
2 31
2 54
2 42
2 29
2 66
2 88
2 84
2 43
99 9
99 17
99 21
99 30
99 36
99 51
99 67
99 73
99 75
99 77
99 82
99 83
99 86
99 87
99 91
98 21
98 26
98 31
98 41
98 73
98 78
98 79
98 80
98 84
98 88
98 89
98 90
98 94
98 95
98 97
97 5
97 11
97 13
97 19
97 25
97 30
97 34
97 39
97 50
97 63
97 74
97 77
97 82
97 87
97 90
97 91
97 93
97 99
8 49
89 50
89 53
89 66
89 68
89 74
89 78
89 82
89 84
89 91
89 95
89 97
89 99
88 5
88 6
88 8
88 9
88 10
88 20
88 21
88 26
88 53
88 63
88 72
88 75
88 78
88 80
88 83
88 91
88 95
88 97
88 99
16 1
16 32
16 41
16 71
16 75
16 21
16 67
16 66
16 83
19 1
81 11
81 32
81 85
81 87
81 91
81 99
26 1
26 5
55 5
55 27
55 32
33 1
33 27
33 82
33 35
33 68
33 97
62 1
62 31
62 41
62 43
62 53
62 65
62 67
62 71
62 74
62 76
62 78
62 82
62 84
62 86
62 96
31 5
64 20
64 27
64 41
64 49
64 53
64 83
64 86
64 88
64 90
64 95
54 17
54 50
54 51
54 57
54 61
54 63
54 65
54 68
54 70
54 73
54 75
54 77
54 79
54 93
29 81
74 19
60 27
60 83
60 85
43 32
49 27
44 10
44 19
44 20
44 32
44 41
44 75
44 99
44 98
44 72
44 82
63 9
63 13
73 49
73 68
73 85
70 32
70 53
70 55
70 63
70 66
70 77
70 83
70 86
70 91
70 93
70 98
57 10
57 11
57 32
57 49
57 55
57 77
57 79
57 81
57 84
57 99
57 92
28 84
28 81
28 70
28 31
28 87
37 32
37 41
37 61
37 90
37 95
37 70
37 65
48 10
48 30
48 32
48 46
48 50
48 53
48 63
48 66
48 68
48 73
48 88
48 84
48 86
53 10
53 32
72 91
72 96
61 19
61 95
50 53
35 27
35 46
35 49
35 80
35 68
47 10
47 27
47 31
47 41
47 49
47 53
47 66
47 68
47 55
47 88
36 20
38 20
38 56
38 63
38 90
38 94
38 80
67 53
67 85
67 90
67 95
67 75
65 26
65 31
65 36
65 50
65 66
65 68
65 77
65 80
65 85
