0 1
98 1
3 1
3 6
97 0
97 1
97 98
4 6
4 8
4 99
5 0
5 3
95 97
2 97
2 79
66 67
66 71
61 1
61 58
61 62
61 64
61 80
7 39
93 2
93 24
93 27
93 88
93 89
93 90
93 98
79 34
8 3
8 6
23 25
23 86
47 51
55 3
55 25
55 54
55 60
77 79
96 3
96 7
96 95
9 11
9 83
9 16
99 96
99 97
10 6
10 25
38 41
38 39
35 5
35 38
35 40
11 97
27 25
27 28
27 32
27 41
12 11
12 17
12 90
22 21
22 45
22 75
73 84
86 10
86 81
86 84
86 87
86 89
83 99
70 8
70 29
70 68
70 73
70 90
24 21
24 25
24 28
24 42
85 80
85 83
85 89
16 13
16 87
34 33
34 38
34 47
36 31
36 63
69 64
69 70
69 73
48 10
48 43
48 45
48 50
48 52
42 39
42 41
42 47
14 11
14 16
14 33
17 14
17 15
17 16
17 21
17 29
15 11
15 59
45 42
45 47
45 50
90 85
90 94
19 15
19 17
19 21
19 23
19 65
75 31
20 18
20 22
20 24
20 80
56 59
87 89
87 92
21 26
21 59
29 31
29 60
89 94
72 69
72 70
72 73
72 75
72 77
58 54
58 56
58 59
58 62
65 60
65 61
65 62
65 64
65 67
65 99
62 20
62 60
62 63
62 67
62 73
80 75
80 78
80 79
80 81
26 31
57 21
57 53
57 55
57 56
57 59
57 61
88 83
28 26
28 29
28 32
28 80
30 31
46 25
46 43
46 48
46 50
46 78
44 65
52 54
52 56
53 26
53 48
53 56
53 58
53 76
32 29
32 30
32 31
32 34
32 36
32 78
67 72
60 59
40 30
40 38
40 39
40 41
40 44
40 87
78 75
78 96
37 39
37 56
37 96
94 49
94 59
94 97
94 99
68 36
68 63
49 46
49 47
49 48
49 50
49 54
49 60
91 87
91 89
91 92
91 94
82 78
82 81
82 85
51 55
54 59
92 52
92 93
92 95
92 97
76 75
76 79
81 96
71 56
71 73
71 75
74 70
74 71
74 72
74 76
74 79
84 79
84 81
84 85
84 87
84 89
