999 7
999 13
999 19
999 24
999 83
999 754
999 764
999 801
999 842
999 980
999 981
999 986
999 987
999 998
998 880
998 968
998 977
998 984
998 988
998 991
3 590
3 192
997 22
997 223
997 981
997 982
997 990
997 992
997 994
997 996
997 999
4 27
996 679
996 796
996 826
995 693
995 857
995 980
995 981
995 988
995 992
995 997
995 999
994 193
994 987
994 999
7 165
7 29
9 32
9 147
9 743
9 279
10 799
990 325
990 365
990 561
990 967
990 980
990 988
989 145
989 209
989 245
989 478
989 503
989 571
989 628
989 696
989 927
989 968
989 981
989 984
989 996
989 998
988 568
988 590
988 641
988 681
988 898
15 36
15 38
15 848
15 351
15 328
15 335
15 330
985 864
985 960
985 962
985 964
985 967
985 970
985 973
985 977
985 988
985 994
985 998
982 1
982 36
982 587
982 605
982 627
982 911
982 941
982 963
982 964
982 968
982 970
982 980
982 988
982 996
980 501
977 486
977 775
977 952
977 954
977 955
977 984
977 986
977 988
977 991
975 0
975 3
975 90
975 132
975 144
975 201
975 273
975 295
975 496
975 591
975 603
975 850
975 883
975 977
975 979
975 983
975 986
975 988
975 990
975 993
975 997
221 241
221 463
254 241
254 271
254 273
254 276
254 730
254 580
254 575
254 610
254 957
254 509
254 917
143 12
143 338
143 198
776 31
776 157
776 284
776 373
776 766
804 250
804 802
804 811
804 815
804 819
804 823
804 827
804 974
232 248
232 251
232 762
232 572
232 976
232 921
232 566
232 839
232 274
232 499
232 844
232 679
129 120
129 203
471 64
471 144
471 480
471 496
471 618
471 762
342 343
342 362
342 367
342 836
342 583
342 793
342 518
342 796
342 603
342 807
786 480
786 540
786 759
786 762
786 775
786 796
786 800
786 802
207 190
207 220
207 222
207 742
393 168
393 408
104 120
104 240
104 652
104 472
104 203
104 720
104 217
104 114
104 362
104 817
607 115
607 520
607 611
607 617
607 620
607 627
607 630
607 925
607 915
607 940
607 855
607 805
974 999
49 36
49 38
49 69
49 683
49 339
49 326
49 314
49 443
49 908
49 940
576 109
576 558
576 577
576 585
576 611
675 181
675 192
675 418
675 427
675 485
675 653
675 670
675 698
396 517
396 629
252 264
252 273
252 685
252 641
252 726
189 203
189 916
400 392
400 394
400 398
400 408
400 412
400 418
400 421
400 423
400 993
400 487
400 735
400 875
400 491
400 709
206 182
206 203
206 223
206 231
206 520
206 238
206 827
206 768
206 523
808 228
808 327
808 799
808 805
808 806
808 811
808 814
808 816
808 820
808 822
808 824
808 826
808 831
808 833
808 976
797 302
797 392
797 776
797 782
797 789
797 796
797 799
2 24
2 27
2 811
2 665
2 383
2 768
2 644
2 445
2 216
5 28
5 447
5 847
5 42
5 959
5 397
5 711
5 631
5 267
6 908
6 639
6 479
6 85
6 75
993 495
993 538
993 625
993 668
993 970
993 978
993 981
993 983
993 990
993 991
993 992
993 994
991 8
991 9
991 11
991 130
991 256
991 334
991 383
991 488
991 671
991 820
991 968
991 996
14 37
14 38
14 874
14 904
14 652
14 488
14 584
14 752
14 616
16 37
16 40
16 827
16 777
16 191
16 621
16 256
16 574
16 561
986 7
986 11
986 159
986 188
986 205
986 350
986 354
986 358
986 412
986 462
986 604
986 746
986 840
986 868
986 961
986 981
984 4
984 7
984 156
984 226
984 322
984 476
984 566
984 655
984 694
984 846
981 1
981 103
981 260
981 275
981 507
981 665
981 769
26 361
26 573
26 907
26 316
26 323
26 549
26 168
976 981
976 984
722 1
722 338
722 594
722 890
836 327
836 421
836 440
836 513
535 1
535 183
535 556
535 558
535 879
535 906
535 869
833 352
833 822
833 831
833 850
833 858
833 891
577 594
341 1
341 60
341 90
341 98
600 507
600 614
600 617
600 855
600 906
600 923
600 714
958 1
958 45
958 198
958 357
958 399
958 555
958 663
958 812
958 889
958 935
958 939
958 940
958 947
958 948
958 949
958 956
958 961
958 972
958 975
958 978
958 980
958 982
67 64
67 79
67 83
67 444
67 715
67 879
67 331
67 770
67 270
67 339
611 1
611 291
611 601
611 624
611 629
611 635
192 120
192 203
192 270
192 312
837 1
837 456
837 545
837 695
837 700
837 831
837 842
837 844
837 853
837 855
837 947
987 980
18 91
18 233
18 682
18 752
18 776
983 8
983 247
983 276
983 291
983 354
983 471
983 479
983 574
983 960
983 967
983 976
983 977
983 978
983 985
983 988
983 990
983 992
983 995
978 281
978 443
978 585
978 634
978 710
978 781
978 852
978 944
978 961
978 964
978 973
978 977
978 980
978 982
978 985
978 989
978 992
978 994
978 999
359 409
868 281
868 485
868 877
868 880
868 890
868 893
773 487
773 489
773 514
773 779
773 783
773 785
773 787
773 790
773 792
773 796
773 988
511 31
511 98
811 11
811 814
811 824
811 827
811 829
811 832
811 834
811 929
811 914
242 247
242 249
242 253
242 896
242 748
242 397
242 559
242 297
242 842
242 529
242 972
242 753
665 666
665 678
415 409
415 414
415 421
415 430
415 433
415 437
415 522
415 780
415 971
415 709
415 647
415 773
177 182
768 54
768 750
128 113
128 127
128 135
128 138
128 273
128 686
128 578
128 551
128 296
128 730
644 249
644 376
644 637
644 642
644 651
644 653
644 657
644 659
644 664
644 667
644 959
644 939
644 671
644 717
196 182
196 203
196 217
196 220
196 244
196 902
196 631
196 930
196 299
196 861
196 875
445 433
445 453
445 579
170 175
170 177
170 179
170 961
170 724
170 407
170 373
170 484
170 435
170 788
216 601
216 545
11 36
11 53
992 7
992 8
992 11
992 13
992 171
992 343
992 472
992 529
992 674
992 700
992 764
992 976
992 980
992 984
992 988
992 996
992 998
878 41
878 297
878 890
878 904
244 168
244 241
244 659
551 545
551 558
551 806
551 985
667 653
667 678
667 762
111 120
111 271
111 172
200 182
200 203
200 220
200 222
200 273
200 295
200 806
200 602
200 386
200 680
200 730
200 346
214 203
214 218
214 224
214 228
214 231
214 775
214 800
214 406
214 870
214 948
294 730
294 978
294 625
638 264
638 640
638 642
638 663
638 965
638 915
638 731
590 409
590 568
590 601
590 608
590 613
245 635
245 885
164 163
164 179
164 184
164 187
164 936
164 437
164 520
164 543
164 820
164 685
164 408
164 596
164 470
164 754
164 483
973 3
973 111
973 149
973 150
973 577
973 766
973 949
973 952
973 954
973 984
979 457
979 560
979 664
979 872
979 963
979 968
979 972
979 976
979 982
979 985
979 989
979 991
979 996
333 330
333 348
333 578
333 367
333 424
333 465
333 477
333 595
333 811
634 486
634 629
634 639
634 642
634 649
634 654
634 688
329 317
329 327
329 735
329 589
374 17
374 168
374 386
374 394
374 760
374 967
374 923
374 816
374 387
374 594
374 656
441 452
441 458
441 462
441 900
441 634
441 541
441 558
613 183
509 17
509 486
509 498
509 508
509 511
509 514
509 519
509 524
509 526
509 531
509 533
509 876
509 705
509 748
509 874
509 677
33 54
33 812
33 811
33 879
33 387
33 265
33 542
33 952
422 434
422 442
422 891
422 789
422 961
422 604
422 476
422 642
422 942
404 22
404 64
404 986
404 966
404 904
404 753
404 813
801 112
801 402
801 782
801 796
801 800
801 802
801 807
801 815
801 818
801 822
801 824
801 849
209 231
209 247
209 585
209 498
712 60
712 109
114 120
114 313
114 143
447 53
447 162
447 257
447 462
447 465
447 511
447 697
434 212
434 465
847 831
847 850
847 868
847 871
102 527
42 31
42 39
42 50
42 52
42 54
42 60
42 62
42 65
42 999
42 222
42 736
42 424
42 708
42 609
42 483
679 163
679 264
679 284
679 544
679 678
679 697
679 700
959 13
959 325
959 573
959 654
959 712
959 806
959 934
959 936
959 938
959 979
959 984
791 54
791 410
791 519
791 694
791 766
791 774
791 776
791 789
791 790
791 793
791 795
791 797
791 799
791 801
791 805
791 807
791 813
397 402
397 408
397 414
397 416
397 421
397 963
397 808
397 732
397 784
397 749
397 565
397 502
397 628
876 23
876 546
876 629
876 867
876 889
876 900
876 988
711 178
711 640
711 725
711 729
711 733
711 735
711 876
261 273
261 275
261 279
261 789
261 768
631 617
631 624
631 650
631 654
631 690
631 843
631 735
631 816
631 854
267 289
267 783
267 367
267 858
267 632
494 484
494 486
494 508
494 513
494 518
494 876
494 595
494 782
494 661
56 54
56 78
56 81
56 710
56 651
56 470
56 130
56 950
748 11
748 24
748 68
748 103
748 427
902 8
902 47
902 173
902 302
902 880
902 904
784 12
784 114
784 331
784 666
933 76
933 498
933 545
933 547
933 617
933 642
933 890
933 912
933 923
933 932
933 934
933 936
933 941
933 943
933 947
933 951
933 976
938 782
938 803
938 920
938 921
117 41
117 113
117 330
117 571
620 134
620 137
620 146
620 479
620 595
620 601
620 604
620 611
620 613
620 614
620 616
620 618
620 622
620 632
620 644
620 718
620 680
620 871
620 782
620 691
908 720
908 900
908 904
908 933
639 93
639 284
97 81
479 41
479 69
479 529
262 263
262 270
262 274
262 276
262 971
262 978
262 815
262 448
262 963
262 674
262 305
262 927
262 837
262 346
85 528
85 159
85 324
877 76
877 249
877 590
877 665
877 865
877 890
30 442
30 282
30 933
30 640
30 902
30 77
730 107
450 7
450 25
450 472
450 493
450 617
450 784
603 8
603 624
402 36
720 343
787 766
787 795
787 799
787 802
606 25
606 163
606 591
606 595
606 602
606 603
606 608
606 611
606 613
606 617
606 619
606 623
606 625
606 628
606 630
606 739
606 950
606 641
538 7
538 75
538 562
101 93
101 113
101 117
101 121
101 124
101 126
101 800
101 868
101 978
73 98
375 359
375 365
375 371
375 383
375 386
375 388
375 394
375 428
375 491
375 948
375 766
375 529
770 7
770 250
770 750
770 768
770 769
770 782
770 785
783 35
673 7
673 36
673 75
673 402
673 495
673 653
673 677
673 679
673 682
673 687
673 692
673 808
673 752
673 961
972 348
972 376
972 382
972 452
972 732
972 841
972 932
972 956
972 961
972 984
972 992
972 994
972 997
110 158
110 249
829 8
829 178
829 608
829 655
829 842
829 844
829 848
829 861
379 371
379 384
379 386
379 402
379 902
379 508
379 550
379 661
379 727
379 871
379 949
155 178
155 854
155 700
155 609
155 410
155 290
155 469
155 671
155 291
155 305
382 36
382 368
382 373
382 377
382 386
382 393
382 396
382 403
382 720
382 577
121 510
121 568
121 610
121 852
677 453
952 936
952 947
366 8
366 241
366 349
366 391
366 910
366 444
366 688
954 176
954 264
954 508
954 512
954 549
954 650
954 802
954 932
954 936
34 54
34 321
34 534
34 716
34 107
34 587
34 644
512 508
764 384
764 782
764 784
764 822
764 898
664 640
459 443
459 444
459 462
459 464
459 467
459 469
459 473
459 475
459 481
459 782
459 541
459 729
459 737
459 700
154 543
154 890
154 332
154 726
154 712
376 458
376 381
147 188
863 192
863 213
863 216
863 271
863 305
863 382
863 411
863 499
863 505
863 518
863 691
863 850
863 867
863 880
863 885
863 887
706 21
706 276
706 700
706 703
706 710
706 716
706 720
706 724
706 730
706 909
706 741
706 889
706 890
743 786
263 544
569 176
569 203
569 243
569 558
569 560
569 563
569 571
569 577
569 582
569 584
569 587
569 590
569 776
569 687
569 706
569 990
569 680
569 655
569 646
183 193
65 89
65 106
591 47
591 585
591 601
591 605
591 616
591 799
591 782
174 182
174 190
174 491
174 473
174 558
174 401
174 850
174 849
174 935
174 175
174 727
533 508
533 511
533 512
533 922
140 157
140 161
140 620
140 437
140 208
140 554
140 924
140 547
140 946
308 68
308 314
308 317
308 325
308 332
308 342
308 803
308 940
308 689
349 38
89 36
321 330
540 289
540 532
443 453
443 466
443 601
443 635
593 178
593 408
593 594
593 614
593 752
593 858
593 774
799 158
680 220
680 670
680 671
680 677
680 679
680 682
680 695
680 698
680 705
680 723
680 949
915 109
915 192
915 538
915 893
915 902
915 906
915 934
915 963
327 11
327 138
554 186
554 349
554 562
554 568
554 616
735 505
735 759
735 777
735 810
74 97
790 156
790 405
790 769
790 781
790 784
790 795
790 800
790 807
790 811
790 815
790 864
274 289
61 294
61 639
175 11
53 36
431 12
431 173
431 304
431 444
431 446
431 448
431 450
431 454
431 456
431 632
431 659
431 707
431 543
431 704
727 751
179 12
179 17
179 162
179 182
179 190
921 12
211 31
211 201
211 203
211 228
211 505
211 776
211 394
211 240
211 976
211 983
211 866
72 178
760 89
760 766
760 912
760 938
256 270
256 273
256 276
256 281
256 903
256 729
302 203
523 12
523 512
523 514
523 538
523 540
523 546
523 930
523 713
523 800
523 705
345 619
345 509
345 800
345 911
345 460
149 168
149 393
46 68
46 658
46 370
46 275
46 937
46 638
46 881
46 999
807 697
807 787
807 795
807 797
807 800
807 813
807 820
807 823
807 831
807 848
451 433
451 447
451 450
451 453
451 456
451 458
451 461
451 464
451 467
451 470
451 474
451 930
451 988
451 912
451 710
778 12
778 165
778 217
778 260
778 491
778 756
778 766
778 781
778 789
778 800
778 803
690 284
690 709
643 12
643 660
643 666
643 885
643 883
643 697
643 744
819 12
819 187
819 561
819 663
819 815
819 816
819 824
819 829
819 832
819 836
819 840
819 842
819 908
215 198
215 450
215 692
215 466
215 556
862 13
862 865
862 877
862 881
862 884
961 88
961 114
961 134
961 137
961 344
961 423
961 505
961 678
961 936
961 944
961 949
961 960
961 981
961 984
647 13
647 624
647 637
647 639
647 652
647 654
647 660
647 663
647 666
647 668
647 671
647 732
647 970
647 878
90 13
90 81
213 13
213 472
717 182
717 546
717 710
717 713
717 718
717 720
717 722
717 724
717 726
717 729
717 733
717 736
717 740
717 758
866 865
866 889
944 13
944 41
944 392
944 529
944 648
944 696
944 893
610 13
610 86
610 717
610 775
775 13
775 383
775 831
37 38
39 64
405 53
716 38
716 113
716 703
716 718
716 720
716 725
716 728
716 733
716 736
716 740
716 849
716 906
716 860
716 971
716 839
105 81
105 93
105 112
105 120
105 507
105 424
105 251
105 134
105 372
105 619
105 626
105 510
105 672
105 958
105 831
968 787
968 919
968 960
968 980
195 120
195 186
195 201
195 203
195 505
195 525
195 263
195 351
195 454
195 987
195 482
406 198
406 399
406 414
406 421
406 832
406 854
406 672
406 683
406 654
874 19
874 248
874 297
874 544
553 198
553 532
553 546
553 552
553 554
553 561
553 568
553 570
553 575
553 578
553 819
553 653
553 943
553 594
553 777
652 640
652 642
652 667
652 670
652 674
652 677
652 927
652 996
652 963
303 289
303 317
303 327
303 685
303 432
303 329
303 730
488 68
488 343
488 491
488 505
488 511
488 799
488 890
488 556
488 525
249 257
249 271
249 250
584 594
584 601
584 730
584 635
584 780
752 55
752 225
752 268
752 507
752 528
752 649
752 727
752 729
752 739
752 740
752 741
752 743
752 747
752 751
752 753
752 757
752 762
752 764
752 766
752 768
752 770
752 774
752 777
616 627
616 703
616 649
651 120
651 495
651 627
651 649
651 654
651 658
651 660
651 662
651 665
651 668
651 672
651 675
651 829
651 923
912 190
96 107
96 109
96 113
96 120
96 348
96 601
96 848
96 878
96 472
96 745
96 930
96 945
782 32
782 264
957 289
957 961
957 967
957 969
957 973
957 976
957 980
957 982
672 306
672 434
672 482
672 521
672 655
672 658
672 659
672 663
672 665
672 666
672 678
672 681
672 688
672 690
672 694
672 746
672 705
599 25
599 120
599 613
599 617
599 782
543 519
543 521
543 525
543 529
543 531
543 532
543 539
543 541
543 542
543 552
543 555
543 558
543 566
543 579
543 738
543 931
543 895
543 897
848 371
660 124
660 162
660 642
351 343
351 371
351 600
351 458
328 68
328 198
328 312
328 332
328 334
328 339
328 341
328 347
328 349
328 351
328 479
328 565
328 687
328 701
328 974
335 343
335 348
335 815
335 996
335 819
335 941
335 584
335 791
226 203
40 54
40 58
40 60
40 365
40 127
40 260
40 129
714 36
714 678
714 697
714 700
714 703
714 720
714 722
714 724
714 728
714 880
714 918
280 29
280 190
280 222
280 276
280 297
280 300
280 601
280 692
280 488
280 929
757 317
757 409
757 745
757 751
757 756
757 766
827 127
827 188
827 831
827 850
668 231
668 330
668 444
668 732
777 304
777 376
777 381
777 532
777 619
777 625
777 710
777 769
777 770
777 781
777 784
777 787
777 799
777 902
595 127
595 605
595 608
595 616
595 618
595 775
595 694
595 778
595 729
595 681
595 691
191 305
191 517
191 998
191 757
191 722
191 765
385 380
385 402
385 405
385 822
385 966
385 611
621 421
621 627
621 642
621 708
621 967
861 482
574 27
574 558
574 568
574 573
574 578
574 580
574 585
574 594
574 935
574 738
574 949
823 132
823 842
823 846
823 848
561 585
932 332
932 671
932 921
932 947
334 247
334 343
334 349
334 359
334 696
334 626
334 905
880 17
880 107
880 201
880 241
880 243
880 306
880 399
880 865
880 904
130 384
78 81
818 47
818 530
818 799
818 802
818 825
818 827
818 836
818 838
818 840
818 830
558 17
772 759
772 766
772 782
772 795
156 113
156 168
156 732
238 17
238 69
238 223
238 224
238 231
238 243
238 247
238 251
238 257
238 260
238 452
238 343
238 608
661 332
661 408
661 941
661 765
661 718
51 944
51 926
51 550
51 388
51 163
51 358
51 829
51 577
51 728
887 53
570 271
570 276
570 578
167 744
167 256
856 394
856 505
856 542
856 556
856 831
856 841
856 842
856 845
856 846
856 849
856 850
856 852
856 859
856 861
856 863
856 869
856 873
856 878
856 917
548 562
548 568
548 948
548 577
699 241
699 312
699 371
699 678
699 695
699 697
699 710
699 720
699 722
699 883
699 814
477 28
477 482
477 484
477 489
477 499
477 709
477 649
477 566
477 781
477 984
477 977
477 717
502 414
502 521
502 970
502 548
573 38
573 146
573 562
749 281
749 768
749 980
795 19
795 58
795 241
795 249
795 338
275 377
91 27
91 82
91 85
91 87
91 88
91 92
91 97
91 99
91 101
91 103
91 106
91 109
91 112
91 926
91 540
91 327
91 399
91 719
91 377
91 272
91 420
229 228
229 314
229 465
229 291
229 829
233 20
233 294
233 625
233 999
233 902
233 499
943 388
943 932
943 934
943 946
943 952
943 956
943 960
943 963
943 951
682 703
682 729
682 695
519 248
519 511
519 512
519 514
519 520
43 849
43 687
43 285
235 241
235 972
235 279
235 534
235 272
235 657
235 890
235 363
914 900
914 904
812 86
812 300
812 628
812 700
812 789
812 795
812 831
812 898
225 201
225 241
225 248
225 452
225 231
59 64
59 778
59 676
59 682
835 38
835 306
835 486
835 665
835 825
835 842
835 846
835 855
835 857
835 948
283 802
622 601
622 624
622 628
622 632
918 904
918 910
918 912
918 915
918 916
918 917
918 920
918 923
918 928
918 931
918 934
918 936
918 941
918 943
918 965
761 19
761 756
761 766
63 66
63 68
63 658
63 639
44 31
44 36
44 50
44 54
44 68
44 491
44 550
123 135
123 137
123 147
123 349
123 421
755 162
755 748
755 753
755 761
755 770
755 773
755 775
755 777
755 779
755 960
99 81
99 500
99 649
99 861
99 808
99 557
99 145
99 862
144 158
144 168
565 20
565 53
565 408
565 568
565 585
565 672
487 498
487 505
487 507
487 512
218 20
218 127
924 20
924 182
924 921
612 127
612 755
612 905
205 201
205 457
205 733
205 944
205 552
205 923
567 577
567 585
567 588
567 605
604 20
604 113
604 613
604 629
403 20
403 394
403 408
403 414
403 427
403 538
403 453
236 781
614 20
614 162
614 176
614 505
614 613
614 625
527 631
527 852
527 617
527 821
527 731
891 542
891 639
891 867
891 877
891 900
891 904
891 906
891 908
891 911
891 914
891 916
286 21
286 357
286 727
747 81
747 769
747 893
747 956
293 21
293 23
293 50
293 314
293 317
293 627
293 452
222 241
654 666
390 21
390 391
390 399
390 402
390 409
390 423
390 682
390 864
489 21
489 359
489 491
489 507
489 617
905 898
905 921
201 21
420 22
420 23
420 279
420 440
420 426
420 722
420 817
420 653
739 761
739 743
454 22
454 97
454 208
454 445
454 447
454 448
454 450
454 459
454 462
454 466
454 470
454 477
454 498
454 757
454 693
454 870
454 644
733 271
733 499
733 552
733 594
733 710
733 726
733 729
733 730
733 754
733 756
733 758
733 909
733 904
357 579
865 22
865 113
865 890
545 568
723 22
723 123
723 257
723 301
723 457
723 513
723 514
723 516
723 619
723 698
723 700
723 708
723 711
723 712
723 714
723 717
723 726
723 732
723 734
723 738
723 741
723 744
723 748
723 878
723 954
723 909
723 870
851 22
851 850
851 867
851 874
851 926
851 995
940 281
940 297
940 362
940 499
940 560
940 710
940 934
940 946
940 949
940 951
940 956
940 960
311 109
311 327
311 441
311 977
311 467
311 825
925 163
925 900
925 932
925 937
925 939
925 942
925 946
925 962
199 190
199 201
199 209
199 212
199 216
199 218
199 221
199 340
199 373
199 550
199 408
199 246
199 606
736 427
736 742
736 748
736 750
736 757
736 761
736 939
736 818
578 23
578 35
578 151
578 274
578 568
578 601
288 276
288 279
288 289
288 297
288 312
288 919
288 542
288 732
288 456
239 23
239 228
239 465
239 711
239 874
239 300
363 343
805 23
805 218
805 570
805 783
805 784
805 786
805 788
805 796
805 798
805 806
805 811
805 813
805 817
805 819
805 822
805 827
805 830
805 988
536 23
536 65
536 78
536 173
536 367
536 409
536 511
536 512
536 514
536 520
536 532
536 547
709 186
709 289
290 173
290 276
290 314
112 113
112 120
112 190
172 190
172 203
172 182
172 608
426 68
426 433
636 24
636 60
636 653
636 655
636 747
636 987
636 784
636 820
636 697
627 25
627 228
963 317
963 947
48 66
48 68
48 73
48 384
48 74
48 745
48 157
655 421
122 627
122 697
212 222
340 330
340 348
340 365
340 819
340 873
340 485
340 384
340 347
340 928
460 276
460 451
460 453
460 457
460 458
460 465
460 468
460 471
460 473
460 476
460 478
460 481
460 484
460 892
460 931
460 802
460 934
460 608
460 805
194 25
194 182
194 201
194 208
194 217
194 219
194 581
194 776
194 335
194 604
194 898
194 367
684 695
684 697
684 700
151 289
151 373
57 66
57 69
57 74
57 81
57 615
57 667
57 777
57 71
57 797
57 838
885 900
885 904
361 386
361 389
361 464
361 772
361 692
361 901
361 813
361 729
500 314
907 55
907 60
907 919
907 921
907 930
907 923
316 312
316 314
316 317
316 339
316 341
316 689
316 704
316 805
316 904
316 434
316 600
316 897
323 358
838 66
838 850
838 857
838 921
549 568
882 45
882 237
882 720
882 727
882 778
882 857
882 861
882 874
882 881
882 890
882 899
882 904
882 906
882 931
52 760
52 317
52 183
52 282
136 158
136 314
136 168
282 27
282 264
282 279
282 297
282 304
282 306
282 979
282 288
282 762
282 308
282 915
766 27
809 27
809 187
809 479
809 812
809 814
809 816
809 819
809 823
809 825
809 827
809 830
809 832
809 946
809 939
360 203
360 365
360 368
360 380
360 383
360 671
360 844
360 636
217 300
217 327
470 489
470 495
470 515
470 927
470 782
648 642
648 650
648 653
648 655
648 670
648 873
423 28
423 47
737 83
737 93
737 742
737 744
737 751
737 755
737 757
737 760
737 872
737 904
901 28
901 75
901 886
901 887
901 889
901 891
901 898
901 899
901 905
901 911
901 916
901 919
901 922
901 924
901 926
901 908
901 991
826 28
826 822
826 835
826 841
826 843
826 846
826 848
826 980
826 870
886 394
886 396
886 498
886 867
886 900
886 904
732 28
732 274
732 391
732 456
401 223
401 343
401 386
401 408
401 421
401 423
401 426
401 703
401 844
401 771
401 559
401 720
401 891
820 29
820 388
820 827
820 831
687 29
687 66
687 697
687 700
687 709
687 822
150 144
150 147
150 151
150 162
150 165
150 168
150 171
150 175
150 664
150 724
592 226
592 409
592 458
592 568
592 581
592 604
592 606
592 609
592 612
592 617
592 633
592 930
824 29
824 825
824 827
824 842
824 846
824 903
278 273
278 284
278 297
278 300
278 304
278 682
923 228
923 414
923 486
923 521
923 528
923 529
923 530
923 762
923 900
923 906
923 919
923 932
923 936
552 212
552 274
552 508
552 568
793 556
793 782
124 138
124 373
377 93
557 69
557 222
557 325
557 547
557 549
557 550
557 568
557 570
557 573
557 578
557 581
557 615
557 632
557 691
557 993
557 918
557 946
557 634
464 458
464 465
464 471
464 478
464 485
464 974
464 563
464 617
464 762
464 760
64 81
695 31
442 144
442 158
442 453
442 458
442 513
180 177
180 182
180 186
180 198
180 201
180 948
180 587
180 802
180 663
640 186
969 617
969 853
969 867
969 947
969 967
969 974
969 977
969 981
969 986
969 988
969 993
745 720
745 750
77 273
77 243
77 517
77 114
507 31
507 113
60 276
472 31
516 508
516 512
516 520
468 188
468 250
468 348
468 359
468 405
468 480
468 489
468 547
468 859
468 994
468 511
468 746
587 31
587 568
587 577
587 608
587 688
587 766
857 32
857 253
857 532
857 578
131 156
131 862
131 317
131 247
131 356
131 976
131 659
131 803
131 359
131 566
131 449
131 480
688 32
688 263
688 301
688 362
688 444
688 466
688 742
531 546
531 548
531 551
531 556
531 624
531 749
462 32
462 508
462 514
724 81
724 732
161 32
161 36
161 175
161 177
161 186
161 495
161 622
161 589
713 421
713 695
713 710
713 720
713 722
713 730
713 732
713 905
713 889
433 32
324 329
324 335
324 339
324 343
324 349
324 445
324 429
324 768
324 759
324 875
324 653
324 713
708 32
708 53
708 249
708 700
708 703
708 729
58 38
58 162
467 83
467 452
467 453
467 465
467 472
467 482
467 486
467 489
467 491
467 890
467 594
467 914
467 933
467 929
840 831
840 846
840 850
840 863
496 850
496 769
496 688
852 83
852 129
852 138
852 865
879 331
879 394
879 628
879 855
879 861
879 867
879 877
879 887
879 900
879 902
879 904
879 926
906 919
387 402
387 612
387 797
265 198
265 257
265 284
265 288
265 879
265 445
265 917
265 541
265 829
265 677
955 68
955 86
955 190
955 949
955 956
542 69
542 120
542 151
542 297
542 338
971 172
971 641
971 691
971 861
971 949
971 954
971 960
971 976
971 989
971 993
971 995
792 60
792 314
792 785
792 786
792 791
792 793
792 798
792 806
792 808
792 813
792 815
792 817
792 963
792 912
657 73
657 78
657 458
657 678
657 804
657 843
657 741
657 936
524 545
524 547
524 703
524 678
524 862
524 558
524 984
524 601
534 544
534 546
534 549
534 558
534 631
534 562
534 862
534 680
457 93
457 482
457 520
813 50
813 314
813 825
781 66
781 151
781 220
781 226
781 508
781 642
697 35
697 90
697 146
697 243
697 399
860 35
860 867
860 882
860 992
860 956
728 710
728 742
728 746
728 751
728 850
350 35
350 109
350 203
350 241
350 594
707 183
707 228
707 279
707 720
707 847
707 998
788 35
788 162
788 802
126 144
126 578
421 243
421 444
513 35
513 544
365 368
365 380
365 386
298 317
298 974
259 36
259 81
259 279
259 302
259 763
259 521
259 682
208 36
208 203
559 327
559 545
559 566
559 572
559 578
559 581
559 778
559 907
559 739
418 36
418 433
418 472
560 562
560 568
560 577
560 608
555 36
555 568
555 577
555 579
555 802
555 739
537 109
537 284
537 550
537 552
537 556
537 558
537 561
537 762
537 941
537 603
537 959
537 761
729 37
729 423
729 720
729 732
729 748
729 751
729 745
356 371
356 373
356 640
356 793
356 825
566 37
566 38
566 687
473 53
473 68
473 228
473 490
473 496
473 506
473 998
473 677
473 628
473 972
473 834
473 575
473 705
392 394
424 433
424 601
424 668
95 98
95 102
95 104
95 108
95 112
95 118
95 451
95 449
95 301
95 437
95 543
95 230
95 531
139 135
139 137
139 143
139 145
139 147
139 153
139 156
139 160
139 163
139 973
139 565
139 730
139 594
139 474
139 589
139 789
139 843
139 809
355 330
355 364
355 366
355 371
355 375
355 378
355 380
355 875
355 893
355 576
355 898
355 614
913 37
913 158
913 889
913 890
913 919
913 932
913 935
913 938
625 37
625 50
625 640
625 642
945 934
945 935
945 942
945 947
945 950
945 953
945 956
945 958
945 961
945 965
945 968
277 968
277 573
277 736
277 433
295 38
295 279
295 289
295 444
295 304
295 466
119 38
119 113
119 138
119 144
119 906
119 586
119 313
119 876
119 648
223 201
223 203
436 38
436 203
436 456
436 458
436 694
436 995
436 720
630 613
630 625
630 640
630 642
630 653
630 933
630 690
630 824
184 38
184 201
184 203
184 383
184 279
674 660
674 682
674 684
674 688
674 691
674 695
674 697
674 765
674 758
204 458
204 306
204 910
204 356
580 38
615 619
615 627
615 634
615 742
615 652
919 173
297 289
641 276
641 332
641 343
641 653
641 761
583 39
583 50
583 75
583 159
583 222
583 302
583 440
583 585
583 588
583 594
583 601
583 941
583 647
583 990
583 989
210 220
210 228
210 768
210 957
210 338
662 39
662 41
662 138
662 668
662 670
662 673
662 675
662 677
662 679
662 681
662 683
662 685
662 687
662 779
202 198
202 212
202 224
202 276
202 338
202 769
202 602
202 545
202 240
951 836
951 865
900 132
900 243
800 113
800 125
800 126
800 799
800 802
398 456
703 93
313 120
313 289
313 312
681 40
681 135
681 305
681 624
681 666
681 700
681 703
428 448
428 451
428 453
428 456
428 664
428 545
428 752
428 810
428 830
428 583
378 373
378 380
378 382
378 385
378 389
378 391
378 393
378 396
378 399
378 401
378 403
378 918
378 558
378 425
378 582
319 41
319 135
319 314
319 330
319 338
319 610
319 568
319 795
260 276
260 279
721 720
721 730
721 732
721 740
721 743
721 746
721 950
721 908
721 944
721 997
159 41
159 138
159 165
159 173
159 175
556 577
556 632
930 106
930 113
930 410
930 585
930 655
930 743
930 850
930 906
930 909
930 910
930 920
930 921
930 923
930 932
930 934
930 947
237 228
237 247
237 257
237 289
237 274
237 751
346 41
346 182
346 365
346 368
346 466
346 896
346 509
346 968
465 41
598 312
598 617
598 619
598 650
704 41
704 75
704 433
704 695
704 710
704 720
704 729
704 783
704 971
602 201
602 301
602 585
602 588
602 594
602 599
602 601
602 603
602 608
602 614
602 616
602 618
602 622
602 712
602 765
602 764
602 969
806 41
806 781
806 822
810 175
810 185
810 500
810 536
810 817
810 820
810 826
810 830
810 832
810 834
810 944
810 912
810 988
108 106
108 124
108 128
108 132
108 609
108 791
108 654
108 267
108 827
108 904
108 792
108 504
108 454
935 220
935 921
935 932
609 950
609 846
845 414
845 831
845 848
845 855
845 857
845 861
845 866
483 482
483 486
483 490
483 492
483 496
483 498
483 501
483 503
483 506
483 512
483 916
483 809
483 790
693 203
693 386
693 703
230 314
230 821
230 627
230 321
966 53
966 97
966 188
966 208
966 882
966 935
966 947
966 949
966 960
966 967
966 970
966 972
966 978
966 980
966 985
966 991
118 127
118 135
118 138
118 448
118 672
118 289
118 616
849 857
849 867
849 873
691 785
285 570
285 454
285 292
285 429
417 409
417 426
417 434
417 439
417 441
417 666
417 910
417 636
873 68
873 297
873 775
873 857
873 874
873 890
873 892
873 898
550 187
550 452
70 84
70 447
70 316
70 723
70 850
875 45
875 187
875 325
875 489
875 720
875 857
875 866
875 885
875 896
875 898
416 444
889 45
956 83
956 231
322 343
322 350
859 45
859 175
859 187
859 857
859 865
859 934
633 270
633 613
633 619
633 637
633 655
633 658
633 828
633 715
633 783
633 832
633 924
633 688
903 163
903 290
903 458
903 892
903 898
903 902
903 906
903 919
903 922
903 924
903 927
71 68
71 75
71 81
71 84
71 93
71 281
71 102
658 408
658 679
658 890
658 777
967 532
967 654
967 691
967 698
967 725
967 766
370 367
370 368
370 369
370 371
370 381
370 391
370 393
370 495
370 564
370 801
370 426
370 996
370 868
370 581
370 437
926 125
926 237
926 381
926 635
926 904
926 914
937 132
937 338
937 377
937 480
937 696
937 919
937 954
937 956
937 958
937 961
937 983
881 84
881 276
881 886
881 889
881 900
939 919
939 947
939 949
478 487
478 491
478 496
478 501
478 820
478 584
478 796
821 882
821 861
821 936
637 47
637 223
948 47
948 72
948 136
948 501
948 709
948 799
948 861
948 952
948 954
948 967
683 222
683 410
683 624
683 678
683 679
683 684
683 687
683 692
683 696
683 706
683 708
683 993
683 741
683 832
153 177
153 225
153 336
872 443
872 476
872 562
872 579
872 666
872 867
872 889
234 281
234 821
438 330
438 332
438 427
438 440
438 448
438 458
438 463
438 628
438 542
438 698
438 911
438 521
384 109
834 224
834 550
834 567
834 853
834 892
834 939
466 66
466 594
253 284
339 198
339 631
339 528
339 443
339 935
326 93
326 330
326 569
326 392
326 455
326 473
326 544
461 50
461 137
461 474
461 480
461 482
461 484
461 486
461 626
461 858
461 581
461 973
663 50
663 666
671 50
671 158
671 653
671 678
671 729
492 505
492 507
492 511
492 792
492 802
492 794
899 886
899 889
899 890
899 898
899 902
899 909
899 919
899 921
949 97
949 177
358 343
358 368
358 380
358 514
358 619
358 750
763 62
763 388
763 637
763 678
763 761
763 787
763 978
763 929
698 703
698 710
142 157
142 972
142 895
142 255
142 369
142 641
197 658
197 990
510 284
510 512
510 827
510 707
76 81
413 53
413 115
413 135
413 182
413 405
413 416
413 426
413 429
413 434
413 939
413 504
413 623
413 741
413 459
413 766
413 874
870 892
870 894
870 913
100 113
100 119
100 121
100 123
100 125
100 779
100 703
100 713
100 638
100 500
100 290
94 127
94 206
94 318
94 686
94 794
94 936
769 176
769 301
769 388
769 751
769 766
635 69
635 619
635 628
694 426
694 670
694 678
694 697
692 54
692 271
692 373
692 694
692 697
692 700
692 709
692 712
692 873
970 106
970 127
970 263
970 495
970 525
970 664
970 774
970 775
970 956
970 981
970 984
86 120
585 89
585 158
103 81
499 185
499 508
499 514
892 947
646 54
646 640
646 664
646 666
646 876
646 806
250 241
816 567
816 799
816 827
816 835
816 837
816 841
816 991
816 983
746 78
746 343
942 960
710 330
710 456
710 732
337 327
337 602
337 705
337 693
337 997
337 681
337 966
950 75
950 338
950 489
950 516
950 522
950 632
950 696
950 930
950 932
950 934
950 939
950 943
950 946
950 947
950 949
950 951
950 955
950 959
950 961
950 963
950 966
950 968
950 971
80 75
80 81
80 88
80 98
80 104
80 886
80 700
80 560
80 467
80 835
80 178
80 585
80 517
80 608
517 511
474 271
497 60
497 203
497 520
497 670
497 524
497 784
497 988
497 915
497 894
497 553
412 58
412 66
412 409
412 433
412 961
412 709
412 601
412 751
82 78
82 80
82 81
82 87
82 90
82 92
82 94
82 99
82 101
82 104
82 106
82 824
82 649
82 515
82 181
82 693
82 835
82 913
82 909
185 198
185 264
869 58
869 112
869 219
869 321
869 354
869 418
869 670
869 881
869 885
869 889
869 893
803 68
803 466
803 485
803 799
803 825
700 484
719 112
719 725
719 727
719 738
719 740
719 742
719 805
719 952
719 918
719 888
318 81
318 317
318 341
318 842
318 881
318 905
318 952
318 320
318 989
676 212
676 348
676 601
676 678
676 681
676 684
676 688
676 690
676 694
676 796
676 962
676 873
676 841
336 330
336 343
336 772
336 744
336 465
336 957
166 165
166 174
166 177
166 179
166 181
166 184
166 186
166 188
166 729
166 308
166 380
166 947
166 232
166 503
166 472
166 281
240 248
240 253
240 257
240 546
240 527
240 775
240 814
240 778
240 599
240 681
798 394
798 414
798 650
798 803
798 813
798 815
798 817
798 897
883 330
883 866
883 886
883 898
883 900
883 902
751 182
87 81
87 343
87 146
87 679
87 687
87 180
87 442
941 224
941 408
941 478
941 653
941 813
941 892
941 924
941 927
941 932
941 936
941 944
941 952
941 956
941 960
689 168
689 670
689 703
689 708
689 713
689 830
689 721
841 64
841 120
841 247
141 581
141 238
141 793
141 179
141 790
141 797
141 626
141 252
141 659
141 390
148 433
148 203
148 647
893 64
893 198
893 532
893 670
893 768
893 886
893 890
802 392
528 64
528 511
528 514
528 538
528 546
269 257
269 272
269 274
269 279
269 283
269 286
269 288
269 293
269 711
269 434
269 526
269 458
269 588
269 587
269 525
269 984
897 365
897 405
897 507
897 750
897 889
897 904
897 919
897 949
928 65
928 147
928 209
928 238
928 381
928 567
928 584
928 682
928 767
928 906
928 910
928 930
928 933
928 936
928 938
928 943
928 945
928 951
291 314
484 498
484 508
731 98
731 729
731 734
731 738
731 740
731 742
731 747
731 839
731 757
106 138
106 157
106 289
767 66
767 538
767 742
767 751
767 754
767 759
767 761
767 766
767 782
767 785
767 787
767 880
92 187
92 765
92 736
910 249
715 732
715 795
331 81
331 456
362 68
429 452
429 729
429 509
429 616
429 772
934 338
581 594
310 162
310 193
310 289
310 312
310 327
624 69
624 617
624 642
742 190
601 173
814 208
814 799
814 825
814 831
814 835
814 837
814 839
814 882
814 826
296 312
296 314
296 317
296 399
296 722
354 343
354 368
354 371
354 383
825 151
825 332
685 666
685 695
685 700
685 703
685 745
685 827
623 76
623 112
623 273
623 302
623 365
623 453
623 619
623 635
623 638
623 640
623 642
623 648
623 784
623 829
623 958
623 894
219 289
909 109
909 443
909 625
909 919
539 554
539 556
539 559
539 562
539 564
539 776
539 721
539 911
539 943
539 928
539 785
741 742
741 744
741 746
741 750
741 753
741 755
741 758
741 761
741 763
741 765
741 869
525 507
525 544
525 547
525 549
525 580
525 753
525 675
525 690
898 73
898 278
898 350
898 793
898 900
898 904
898 919
272 98
272 175
272 261
272 262
272 270
272 275
272 278
272 281
272 288
272 290
272 293
272 296
272 623
272 618
272 967
272 605
272 591
272 279
272 406
273 289
759 74
965 74
965 150
965 168
965 209
965 292
965 306
965 521
965 822
965 921
965 967
965 980
965 985
965 988
503 75
503 304
503 498
503 508
503 919
503 797
705 728
705 824
922 225
922 625
922 866
922 881
922 904
922 909
922 924
922 926
922 931
922 935
922 938
922 944
922 946
145 722
582 120
582 590
582 598
582 606
582 782
582 846
582 614
582 661
455 465
455 467
455 470
455 474
455 480
455 754
455 852
455 651
455 931
455 766
480 198
895 77
895 110
895 520
895 686
895 697
895 874
895 877
895 886
895 904
895 906
895 909
895 912
895 916
895 918
895 948
895 934
734 89
734 745
734 751
734 754
734 756
734 890
734 917
734 780
617 642
586 250
586 578
586 580
586 581
586 583
586 584
586 585
586 590
586 594
586 596
586 600
586 603
586 610
586 661
586 870
586 697
586 835
586 856
160 175
160 871
160 411
160 308
160 419
160 828
160 354
160 567
160 530
160 709
588 248
588 249
588 605
871 857
871 865
871 887
871 890
871 893
656 79
656 89
656 168
656 392
656 520
656 864
855 79
855 136
855 152
855 181
855 453
855 865
669 81
669 416
669 653
669 664
669 667
669 673
669 675
669 677
669 679
669 684
669 686
669 688
669 691
669 894
669 856
669 727
505 81
449 427
449 442
449 452
449 465
449 469
449 473
449 669
449 886
449 967
449 949
449 761
449 683
449 839
449 649
515 925
515 588
515 994
306 106
306 312
306 325
306 327
306 511
306 393
785 83
785 107
785 175
419 325
419 422
419 427
419 433
419 436
419 438
419 441
419 444
419 525
419 785
419 762
419 804
419 759
419 878
135 120
771 314
771 751
771 782
771 856
771 990
771 797
227 283
439 456
439 458
439 462
439 464
439 646
439 599
762 750
738 84
738 762
738 892
738 772
425 402
425 409
425 414
425 615
425 529
425 585
425 512
255 249
255 260
255 262
255 265
255 267
255 270
255 273
255 276
255 946
255 388
255 869
255 890
255 665
255 651
255 873
255 889
224 241
520 508
268 271
842 440
842 447
842 624
842 850
485 545
962 226
962 613
962 956
962 984
173 162
659 640
659 666
659 678
659 681
659 885
659 812
493 175
493 513
493 793
493 890
493 959
493 920
305 190
750 88
750 157
750 201
750 304
750 343
750 371
750 482
750 581
435 433
435 444
435 536
435 539
435 642
435 924
435 479
435 872
718 89
718 732
718 766
718 886
696 338
696 562
696 601
696 697
696 703
696 709
696 890
696 757
696 728
504 491
504 512
504 514
504 521
504 710
504 625
504 638
504 699
504 806
309 325
309 327
309 394
309 565
309 734
309 624
309 519
309 873
309 405
309 728
116 365
116 636
765 742
765 745
765 750
765 751
765 756
765 761
765 762
765 766
765 776
765 780
765 782
765 784
765 786
765 789
765 799
287 291
287 302
287 304
287 310
287 312
287 598
287 363
287 680
287 483
287 438
287 964
287 368
287 560
246 249
246 253
246 260
246 264
246 271
246 388
246 442
246 524
246 369
246 612
246 333
645 491
645 841
645 719
304 177
628 93
628 617
571 93
571 479
571 505
571 550
571 552
571 558
571 559
571 565
571 573
571 579
571 581
571 588
571 924
571 624
571 920
632 165
632 466
632 642
864 107
864 306
864 416
864 434
864 440
864 846
864 848
864 861
864 865
864 874
864 882
864 887
864 889
864 909
794 627
794 775
794 784
794 795
794 803
794 841
927 909
927 919
927 920
927 932
927 936
927 949
301 314
301 327
437 453
437 529
437 941
964 220
964 290
964 552
964 626
964 956
964 960
894 878
894 883
894 893
894 897
894 903
894 905
894 907
894 909
894 914
894 916
916 283
916 611
916 618
916 823
916 935
916 938
916 940
347 349
347 355
347 358
347 360
347 365
347 368
347 372
347 414
347 759
347 816
347 743
347 632
547 558
530 129
530 491
530 508
530 514
530 520
530 639
522 540
522 545
522 547
758 781
758 825
758 866
427 98
427 433
888 289
888 354
888 359
888 403
888 649
888 866
888 872
888 886
888 893
888 899
888 911
888 913
888 953
888 915
888 949
579 276
579 578
579 594
779 508
779 768
779 775
779 783
779 785
779 793
779 798
779 802
779 804
779 867
779 917
779 902
779 846
779 869
152 789
744 364
744 568
744 722
744 726
744 727
744 732
744 736
744 739
744 746
744 748
744 753
744 756
744 759
744 762
744 765
744 769
744 993
744 983
744 837
518 498
518 529
518 532
890 103
890 751
817 293
817 376
817 482
817 827
817 829
817 832
817 837
817 841
817 849
134 157
134 343
134 377
134 300
134 348
372 373
372 381
372 388
372 393
372 641
372 960
372 725
372 603
372 593
626 185
626 241
626 601
626 613
626 624
626 625
626 627
626 635
626 637
626 848
626 746
780 107
780 784
780 800
133 792
618 223
618 247
618 617
618 632
618 639
618 681
618 761
475 146
475 452
475 498
475 860
475 610
475 765
475 905
475 975
596 585
596 588
596 594
596 605
596 608
596 614
596 617
596 794
596 869
596 697
596 741
596 894
702 168
702 300
702 313
702 710
702 715
702 718
702 722
702 724
702 878
702 856
702 822
158 177
844 640
844 857
844 866
469 479
469 481
469 485
469 491
469 741
469 998
469 776
469 790
469 844
307 484
307 746
307 864
307 628
605 601
605 624
190 182
853 578
853 850
853 857
853 865
853 867
853 872
853 874
332 314
332 343
725 402
725 748
725 750
725 757
725 850
320 304
320 327
320 332
320 334
320 339
320 345
320 739
320 653
320 470
320 737
320 770
320 757
320 375
320 830
796 168
796 291
917 124
917 134
917 363
917 650
917 898
917 905
917 921
917 924
917 927
917 929
917 937
917 940
917 942
506 250
506 377
506 526
506 528
506 531
506 864
506 852
506 767
563 157
563 558
563 562
563 568
563 577
563 622
563 871
563 672
572 568
572 578
572 594
292 312
292 314
292 668
292 754
353 349
353 367
353 371
353 977
353 697
353 526
353 383
830 168
830 182
830 274
830 453
830 822
830 827
830 838
830 842
830 846
830 853
830 855
169 725
169 440
169 991
589 386
589 520
589 580
589 590
589 594
589 599
589 601
589 604
589 607
589 611
589 613
589 840
589 869
589 791
753 359
463 712
463 719
541 120
541 545
541 559
541 561
541 780
541 936
541 759
541 677
541 716
541 766
266 598
266 840
740 274
740 720
740 732
740 750
740 762
740 956
740 841
740 988
740 807
315 317
315 330
315 332
315 671
315 909
315 977
315 689
315 897
911 124
911 179
911 472
911 637
911 670
911 709
911 775
911 909
911 919
911 921
911 926
911 929
911 931
953 125
953 349
953 958
953 964
953 968
953 970
953 973
953 975
839 519
839 746
839 834
839 841
839 847
839 855
839 859
839 961
839 953
839 890
789 297
529 512
501 127
501 508
501 512
501 514
501 624
564 549
564 570
564 573
564 578
564 585
564 588
564 758
564 944
564 745
564 625
564 635
564 827
564 948
546 193
546 289
546 545
546 568
395 187
395 399
395 402
395 418
395 426
395 572
395 456
395 679
364 371
364 377
364 380
364 383
854 761
854 846
854 848
854 866
854 870
854 872
854 875
854 877
854 909
430 562
430 466
931 137
931 293
931 313
931 486
931 919
931 934
498 138
498 508
858 147
858 937
858 984
843 273
843 434
843 831
843 844
843 846
843 849
843 852
843 864
843 882
946 218
946 608
946 632
946 923
946 932
946 936
946 938
946 949
490 495
490 498
490 506
490 508
490 511
490 515
490 834
490 562
490 876
490 702
389 805
389 542
896 157
896 484
896 486
896 632
896 794
896 890
896 892
896 898
896 905
896 908
896 913
896 915
896 919
896 954
896 984
774 750
774 751
774 753
774 754
774 756
774 766
774 782
774 796
774 799
774 938
774 910
171 162
575 147
575 562
575 578
575 581
575 584
575 590
575 597
575 974
575 926
575 890
575 848
575 746
575 800
188 177
726 302
726 529
344 368
344 614
344 505
344 650
176 173
176 190
176 198
176 220
410 544
410 594
526 158
526 219
526 508
526 511
526 514
526 538
526 542
526 547
526 943
526 752
526 614
526 875
526 888
828 601
828 825
828 831
828 837
828 839
828 843
828 845
828 851
828 853
828 983
828 938
407 264
407 421
407 426
407 430
407 582
407 831
407 930
407 455
407 627
929 187
929 481
929 556
929 757
929 954
754 558
754 637
754 750
884 362
884 411
884 456
884 536
884 751
884 768
884 867
884 872
884 879
884 881
884 883
884 887
884 890
884 893
884 896
884 900
884 902
884 905
432 168
432 186
432 923
432 802
867 890
258 702
258 626
258 557
832 182
832 835
832 837
832 842
832 849
832 853
832 855
832 955
832 949
629 220
629 505
629 642
299 727
299 687
299 576
299 708
299 924
521 498
521 512
446 453
446 951
446 690
446 975
701 640
701 678
701 691
701 695
701 696
701 697
701 700
701 703
701 706
701 709
701 711
701 714
701 716
701 719
701 722
701 724
701 884
701 949
701 892
701 868
815 219
597 529
597 590
597 595
597 596
597 600
597 602
597 606
597 608
597 613
597 615
597 617
597 620
597 622
597 671
597 745
597 785
597 716
597 915
486 508
