0 5
0 11
0 30
2 99
2 61
2 9
97 33
97 47
97 93
97 99
95 85
95 91
95 92
95 93
95 98
77 5
30 34
30 80
30 74
1 5
1 65
3 8
98 54
98 63
98 78
6 4
6 7
6 9
6 11
51 1
51 46
51 48
51 50
51 54
51 68
92 1
92 88
47 42
47 44
47 45
47 48
47 52
47 71
48 9
48 50
48 53
65 61
65 68
70 1
70 2
70 67
70 68
70 69
70 73
70 82
4 5
61 6
9 5
8 99
75 3
75 53
75 64
75 71
75 72
75 77
75 80
17 18
17 20
17 22
89 88
89 92
46 4
46 7
46 41
46 49
46 76
25 77
80 59
80 82
85 5
85 9
10 6
10 14
10 81
10 45
42 6
32 37
32 56
12 7
12 14
12 16
12 21
79 74
79 75
79 76
79 82
79 84
86 82
86 83
86 84
86 87
86 90
38 7
38 35
38 36
38 42
38 58
13 57
13 49
83 8
83 85
83 87
41 8
41 36
41 37
41 40
41 45
41 87
43 60
96 39
96 60
96 73
96 80
96 95
14 9
14 11
14 13
14 17
14 37
14 90
39 44
39 99
15 45
15 60
81 52
81 77
81 83
81 85
71 15
71 23
71 39
71 44
71 73
71 88
45 44
16 38
21 23
21 45
57 56
57 77
49 47
49 48
49 67
62 58
62 60
62 66
62 86
19 20
19 22
19 24
37 23
37 39
37 42
37 48
63 24
63 52
63 68
60 61
60 65
18 68
22 20
22 27
22 82
78 50
78 56
78 68
78 71
78 77
78 85
36 20
36 35
36 39
82 18
82 42
82 81
82 83
82 87
68 99
29 30
29 32
29 34
23 56
87 20
87 85
35 39
74 21
74 73
74 75
74 77
74 97
26 24
26 27
26 30
26 41
26 93
27 35
54 53
54 72
54 90
54 89
56 27
28 24
73 25
31 95
31 69
93 89
93 92
93 99
59 63
33 36
33 88
52 28
34 36
34 39
34 80
69 64
69 65
69 72
69 74
88 87
88 99
40 39
40 43
40 52
53 55
53 57
53 73
53 67
76 57
76 75
76 78
76 80
76 89
50 61
67 63
67 65
67 71
91 87
91 89
91 92
94 58
94 96
94 99
64 68
66 69
66 94
84 83
84 85
84 87
84 89
